{
  "polygons": "true",
  "field": "golden",
  "symmetry": "icosahedral",
  "orientations": [
    [
      1,
      0,
      0,
      0,
      0,
      1,
      0,
      0,
      0,
      0,
      1,
      0,
      0,
      0,
      0,
      1
    ],
    [
      0,
      0,
      1,
      0,
      1,
      0,
      0,
      0,
      0,
      1,
      0,
      0,
      0,
      0,
      0,
      1
    ],
    [
      0,
      1,
      0,
      0,
      0,
      0,
      1,
      0,
      1,
      0,
      0,
      0,
      0,
      0,
      0,
      1
    ],
    [
      0.809017,
      0.309017,
      0.5,
      0,
      0.309017,
      0.5,
      -0.809017,
      0,
      -0.5,
      0.809017,
      0.309017,
      0,
      0,
      0,
      0,
      1
    ],
    [
      -0.5,
      0.809017,
      0.309017,
      0,
      0.809017,
      0.309017,
      0.5,
      0,
      0.309017,
      0.5,
      -0.809017,
      0,
      0,
      0,
      0,
      1
    ],
    [
      0.309017,
      0.5,
      -0.809017,
      0,
      -0.5,
      0.809017,
      0.309017,
      0,
      0.809017,
      0.309017,
      0.5,
      0,
      0,
      0,
      0,
      1
    ],
    [
      0.5,
      0.809017,
      0.309017,
      0,
      0.809017,
      -0.309017,
      -0.5,
      0,
      -0.309017,
      0.5,
      -0.809017,
      0,
      0,
      0,
      0,
      1
    ],
    [
      -0.309017,
      0.5,
      -0.809017,
      0,
      0.5,
      0.809017,
      0.309017,
      0,
      0.809017,
      -0.309017,
      -0.5,
      0,
      0,
      0,
      0,
      1
    ],
    [
      0.809017,
      -0.309017,
      -0.5,
      0,
      -0.309017,
      0.5,
      -0.809017,
      0,
      0.5,
      0.809017,
      0.309017,
      0,
      0,
      0,
      0,
      1
    ],
    [
      0.5,
      0.809017,
      -0.309017,
      0,
      0.809017,
      -0.309017,
      0.5,
      0,
      0.309017,
      -0.5,
      -0.809017,
      0,
      0,
      0,
      0,
      1
    ],
    [
      0.309017,
      -0.5,
      -0.809017,
      0,
      0.5,
      0.809017,
      -0.309017,
      0,
      0.809017,
      -0.309017,
      0.5,
      0,
      0,
      0,
      0,
      1
    ],
    [
      0.809017,
      -0.309017,
      0.5,
      0,
      0.309017,
      -0.5,
      -0.809017,
      0,
      0.5,
      0.809017,
      -0.309017,
      0,
      0,
      0,
      0,
      1
    ],
    [
      0.809017,
      0.309017,
      -0.5,
      0,
      0.309017,
      0.5,
      0.809017,
      0,
      0.5,
      -0.809017,
      0.309017,
      0,
      0,
      0,
      0,
      1
    ],
    [
      0.5,
      -0.809017,
      0.309017,
      0,
      0.809017,
      0.309017,
      -0.5,
      0,
      0.309017,
      0.5,
      0.809017,
      0,
      0,
      0,
      0,
      1
    ],
    [
      0.309017,
      0.5,
      0.809017,
      0,
      0.5,
      -0.809017,
      0.309017,
      0,
      0.809017,
      0.309017,
      -0.5,
      0,
      0,
      0,
      0,
      1
    ],
    [
      1,
      0,
      0,
      0,
      0,
      -1,
      0,
      0,
      0,
      0,
      -1,
      0,
      0,
      0,
      0,
      1
    ],
    [
      0,
      0,
      1,
      0,
      -1,
      0,
      0,
      0,
      0,
      -1,
      0,
      0,
      0,
      0,
      0,
      1
    ],
    [
      0,
      1,
      0,
      0,
      0,
      0,
      -1,
      0,
      -1,
      0,
      0,
      0,
      0,
      0,
      0,
      1
    ],
    [
      0.809017,
      0.309017,
      0.5,
      0,
      -0.309017,
      -0.5,
      0.809017,
      0,
      0.5,
      -0.809017,
      -0.309017,
      0,
      0,
      0,
      0,
      1
    ],
    [
      -0.5,
      0.809017,
      0.309017,
      0,
      -0.809017,
      -0.309017,
      -0.5,
      0,
      -0.309017,
      -0.5,
      0.809017,
      0,
      0,
      0,
      0,
      1
    ],
    [
      0.309017,
      0.5,
      -0.809017,
      0,
      0.5,
      -0.809017,
      -0.309017,
      0,
      -0.809017,
      -0.309017,
      -0.5,
      0,
      0,
      0,
      0,
      1
    ],
    [
      0.5,
      0.809017,
      0.309017,
      0,
      -0.809017,
      0.309017,
      0.5,
      0,
      0.309017,
      -0.5,
      0.809017,
      0,
      0,
      0,
      0,
      1
    ],
    [
      -0.309017,
      0.5,
      -0.809017,
      0,
      -0.5,
      -0.809017,
      -0.309017,
      0,
      -0.809017,
      0.309017,
      0.5,
      0,
      0,
      0,
      0,
      1
    ],
    [
      0.809017,
      -0.309017,
      -0.5,
      0,
      0.309017,
      -0.5,
      0.809017,
      0,
      -0.5,
      -0.809017,
      -0.309017,
      0,
      0,
      0,
      0,
      1
    ],
    [
      0.5,
      0.809017,
      -0.309017,
      0,
      -0.809017,
      0.309017,
      -0.5,
      0,
      -0.309017,
      0.5,
      0.809017,
      0,
      0,
      0,
      0,
      1
    ],
    [
      0.309017,
      -0.5,
      -0.809017,
      0,
      -0.5,
      -0.809017,
      0.309017,
      0,
      -0.809017,
      0.309017,
      -0.5,
      0,
      0,
      0,
      0,
      1
    ],
    [
      0.809017,
      -0.309017,
      0.5,
      0,
      -0.309017,
      0.5,
      0.809017,
      0,
      -0.5,
      -0.809017,
      0.309017,
      0,
      0,
      0,
      0,
      1
    ],
    [
      0.809017,
      0.309017,
      -0.5,
      0,
      -0.309017,
      -0.5,
      -0.809017,
      0,
      -0.5,
      0.809017,
      -0.309017,
      0,
      0,
      0,
      0,
      1
    ],
    [
      0.5,
      -0.809017,
      0.309017,
      0,
      -0.809017,
      -0.309017,
      0.5,
      0,
      -0.309017,
      -0.5,
      -0.809017,
      0,
      0,
      0,
      0,
      1
    ],
    [
      0.309017,
      0.5,
      0.809017,
      0,
      -0.5,
      0.809017,
      -0.309017,
      0,
      -0.809017,
      -0.309017,
      0.5,
      0,
      0,
      0,
      0,
      1
    ],
    [
      -1,
      0,
      0,
      0,
      0,
      -1,
      0,
      0,
      0,
      0,
      1,
      0,
      0,
      0,
      0,
      1
    ],
    [
      0,
      0,
      -1,
      0,
      -1,
      0,
      0,
      0,
      0,
      1,
      0,
      0,
      0,
      0,
      0,
      1
    ],
    [
      0,
      -1,
      0,
      0,
      0,
      0,
      -1,
      0,
      1,
      0,
      0,
      0,
      0,
      0,
      0,
      1
    ],
    [
      -0.809017,
      -0.309017,
      -0.5,
      0,
      -0.309017,
      -0.5,
      0.809017,
      0,
      -0.5,
      0.809017,
      0.309017,
      0,
      0,
      0,
      0,
      1
    ],
    [
      0.5,
      -0.809017,
      -0.309017,
      0,
      -0.809017,
      -0.309017,
      -0.5,
      0,
      0.309017,
      0.5,
      -0.809017,
      0,
      0,
      0,
      0,
      1
    ],
    [
      -0.309017,
      -0.5,
      0.809017,
      0,
      0.5,
      -0.809017,
      -0.309017,
      0,
      0.809017,
      0.309017,
      0.5,
      0,
      0,
      0,
      0,
      1
    ],
    [
      -0.5,
      -0.809017,
      -0.309017,
      0,
      -0.809017,
      0.309017,
      0.5,
      0,
      -0.309017,
      0.5,
      -0.809017,
      0,
      0,
      0,
      0,
      1
    ],
    [
      0.309017,
      -0.5,
      0.809017,
      0,
      -0.5,
      -0.809017,
      -0.309017,
      0,
      0.809017,
      -0.309017,
      -0.5,
      0,
      0,
      0,
      0,
      1
    ],
    [
      -0.809017,
      0.309017,
      0.5,
      0,
      0.309017,
      -0.5,
      0.809017,
      0,
      0.5,
      0.809017,
      0.309017,
      0,
      0,
      0,
      0,
      1
    ],
    [
      -0.5,
      -0.809017,
      0.309017,
      0,
      -0.809017,
      0.309017,
      -0.5,
      0,
      0.309017,
      -0.5,
      -0.809017,
      0,
      0,
      0,
      0,
      1
    ],
    [
      -0.309017,
      0.5,
      0.809017,
      0,
      -0.5,
      -0.809017,
      0.309017,
      0,
      0.809017,
      -0.309017,
      0.5,
      0,
      0,
      0,
      0,
      1
    ],
    [
      -0.809017,
      0.309017,
      -0.5,
      0,
      -0.309017,
      0.5,
      0.809017,
      0,
      0.5,
      0.809017,
      -0.309017,
      0,
      0,
      0,
      0,
      1
    ],
    [
      -0.809017,
      -0.309017,
      0.5,
      0,
      -0.309017,
      -0.5,
      -0.809017,
      0,
      0.5,
      -0.809017,
      0.309017,
      0,
      0,
      0,
      0,
      1
    ],
    [
      -0.5,
      0.809017,
      -0.309017,
      0,
      -0.809017,
      -0.309017,
      0.5,
      0,
      0.309017,
      0.5,
      0.809017,
      0,
      0,
      0,
      0,
      1
    ],
    [
      -0.309017,
      -0.5,
      -0.809017,
      0,
      -0.5,
      0.809017,
      -0.309017,
      0,
      0.809017,
      0.309017,
      -0.5,
      0,
      0,
      0,
      0,
      1
    ],
    [
      -1,
      0,
      0,
      0,
      0,
      1,
      0,
      0,
      0,
      0,
      -1,
      0,
      0,
      0,
      0,
      1
    ],
    [
      0,
      0,
      -1,
      0,
      1,
      0,
      0,
      0,
      0,
      -1,
      0,
      0,
      0,
      0,
      0,
      1
    ],
    [
      0,
      -1,
      0,
      0,
      0,
      0,
      1,
      0,
      -1,
      0,
      0,
      0,
      0,
      0,
      0,
      1
    ],
    [
      -0.809017,
      -0.309017,
      -0.5,
      0,
      0.309017,
      0.5,
      -0.809017,
      0,
      0.5,
      -0.809017,
      -0.309017,
      0,
      0,
      0,
      0,
      1
    ],
    [
      0.5,
      -0.809017,
      -0.309017,
      0,
      0.809017,
      0.309017,
      0.5,
      0,
      -0.309017,
      -0.5,
      0.809017,
      0,
      0,
      0,
      0,
      1
    ],
    [
      -0.309017,
      -0.5,
      0.809017,
      0,
      -0.5,
      0.809017,
      0.309017,
      0,
      -0.809017,
      -0.309017,
      -0.5,
      0,
      0,
      0,
      0,
      1
    ],
    [
      -0.5,
      -0.809017,
      -0.309017,
      0,
      0.809017,
      -0.309017,
      -0.5,
      0,
      0.309017,
      -0.5,
      0.809017,
      0,
      0,
      0,
      0,
      1
    ],
    [
      0.309017,
      -0.5,
      0.809017,
      0,
      0.5,
      0.809017,
      0.309017,
      0,
      -0.809017,
      0.309017,
      0.5,
      0,
      0,
      0,
      0,
      1
    ],
    [
      -0.809017,
      0.309017,
      0.5,
      0,
      -0.309017,
      0.5,
      -0.809017,
      0,
      -0.5,
      -0.809017,
      -0.309017,
      0,
      0,
      0,
      0,
      1
    ],
    [
      -0.5,
      -0.809017,
      0.309017,
      0,
      0.809017,
      -0.309017,
      0.5,
      0,
      -0.309017,
      0.5,
      0.809017,
      0,
      0,
      0,
      0,
      1
    ],
    [
      -0.309017,
      0.5,
      0.809017,
      0,
      0.5,
      0.809017,
      -0.309017,
      0,
      -0.809017,
      0.309017,
      -0.5,
      0,
      0,
      0,
      0,
      1
    ],
    [
      -0.809017,
      0.309017,
      -0.5,
      0,
      0.309017,
      -0.5,
      -0.809017,
      0,
      -0.5,
      -0.809017,
      0.309017,
      0,
      0,
      0,
      0,
      1
    ],
    [
      -0.809017,
      -0.309017,
      0.5,
      0,
      0.309017,
      0.5,
      0.809017,
      0,
      -0.5,
      0.809017,
      -0.309017,
      0,
      0,
      0,
      0,
      1
    ],
    [
      -0.5,
      0.809017,
      -0.309017,
      0,
      0.809017,
      0.309017,
      -0.5,
      0,
      -0.309017,
      -0.5,
      -0.809017,
      0,
      0,
      0,
      0,
      1
    ],
    [
      -0.309017,
      -0.5,
      -0.809017,
      0,
      0.5,
      -0.809017,
      0.309017,
      0,
      -0.809017,
      -0.309017,
      0.5,
      0,
      0,
      0,
      0,
      1
    ]
  ],
  "lights": {
    "directionalLights": [
      {
        "direction": [
          1,
          -1,
          -1
        ],
        "color": "#EBEBE4"
      },
      {
        "direction": [
          -1,
          0,
          0
        ],
        "color": "#E4E4EB"
      },
      {
        "direction": [
          0,
          0,
          -1
        ],
        "color": "#1E1E1E"
      }
    ],
    "backgroundColor": "#AFC8DC",
    "ambientColor": "#292929"
  },
  "camera": {
    "position": {
      "x": 0,
      "y": 0,
      "z": 32.160005544
    },
    "width": 16.080002772,
    "perspective": true,
    "viewDistance": 32.160005544,
    "fieldOfView": 28.072486935852954,
    "lookAtPointRV": {
      "x": 0,
      "y": 0,
      "z": 0,
      "zero": true
    },
    "upDirectionRV": {
      "x": 0,
      "y": 1,
      "z": 0,
      "zero": false
    },
    "lookDirectionRV": {
      "x": 0,
      "y": 0,
      "z": -1,
      "zero": false
    },
    "lookDirection": {
      "x": 0,
      "y": 0,
      "z": -1
    },
    "upDirection": {
      "x": 0,
      "y": 1,
      "z": 0
    },
    "lookAtPoint": {
      "x": 0,
      "y": 0,
      "z": 0
    },
    "stereo": false,
    "farClipDistance": 64.320011088,
    "nearClipDistance": 3.2160005544000003
  },
  "embedding": [
    1,
    0,
    0,
    0,
    0,
    1,
    0,
    0,
    0,
    0,
    1,
    0,
    0,
    0,
    0,
    1
  ],
  "shapes": [
    {
      "id": "86f509fb-7e15-4758-9188-681dcf0e2264",
      "name": "ball",
      "vertices": [
        {
          "x": -0.349261824,
          "y": 0.327869163,
          "z": 0
        },
        {
          "x": -0.202634287,
          "y": 0.237248357,
          "z": 0
        },
        {
          "x": -0.237248357,
          "y": 0.181241621,
          "z": 0.090620811
        },
        {
          "x": -0.383875908,
          "y": 0.271862418,
          "z": 0.090620811
        },
        {
          "x": 0.349261824,
          "y": -0.327869163,
          "z": 0
        },
        {
          "x": 0.344211731,
          "y": -0.357433108,
          "z": 0
        },
        {
          "x": 0.388926024,
          "y": -0.285083842,
          "z": -0.117063602
        },
        {
          "x": 0.383875908,
          "y": -0.271862418,
          "z": -0.090620811
        },
        {
          "x": 0.271862418,
          "y": -0.090620811,
          "z": -0.383875908
        },
        {
          "x": 0.181241621,
          "y": -0.090620811,
          "z": -0.237248357
        },
        {
          "x": 0.237248357,
          "y": 0,
          "z": -0.202634287
        },
        {
          "x": 0.327869163,
          "y": 0,
          "z": -0.349261824
        },
        {
          "x": 0.458154193,
          "y": 0.090620811,
          "z": -0.05600674
        },
        {
          "x": 0.293255102,
          "y": 0.090620811,
          "z": -0.05600674
        },
        {
          "x": 0.293255102,
          "y": -0.090620811,
          "z": -0.05600674
        },
        {
          "x": 0.458154193,
          "y": -0.090620811,
          "z": -0.05600674
        },
        {
          "x": -0.383875908,
          "y": 0.293255102,
          "z": -0.146627551
        },
        {
          "x": -0.359958189,
          "y": 0.289169448,
          "z": -0.174630914
        },
        {
          "x": -0.289169448,
          "y": 0.174630914,
          "z": -0.359958189
        },
        {
          "x": -0.293255102,
          "y": 0.146627551,
          "z": -0.383875908
        },
        {
          "x": -0.090620811,
          "y": 0.383875908,
          "z": -0.271862418
        },
        {
          "x": -0.117063602,
          "y": 0.388926024,
          "z": -0.285083842
        },
        {
          "x": -0.07234929,
          "y": 0.461275319,
          "z": -0.168020216
        },
        {
          "x": -0.05600674,
          "y": 0.439882653,
          "z": -0.181241621
        },
        {
          "x": -0.05600674,
          "y": -0.458154193,
          "z": 0.090620811
        },
        {
          "x": 0.05600674,
          "y": -0.458154193,
          "z": 0.090620811
        },
        {
          "x": 0.064178015,
          "y": -0.474496714,
          "z": 0.103842206
        },
        {
          "x": -0.064178015,
          "y": -0.474496714,
          "z": 0.103842206
        },
        {
          "x": -0.327869163,
          "y": -0.271862418,
          "z": 0.181241621
        },
        {
          "x": -0.237248357,
          "y": -0.181241621,
          "z": 0.090620811
        },
        {
          "x": -0.181241621,
          "y": -0.090620811,
          "z": 0.237248357
        },
        {
          "x": -0.271862418,
          "y": -0.181241621,
          "z": 0.327869163
        },
        {
          "x": 0.458154193,
          "y": 0.090620811,
          "z": 0.05600674
        },
        {
          "x": 0.474496714,
          "y": 0.103842206,
          "z": -0.064178015
        },
        {
          "x": 0.474496714,
          "y": 0.103842206,
          "z": 0.064178015
        },
        {
          "x": -0.474496714,
          "y": -0.146627551,
          "z": 0.090620811
        },
        {
          "x": -0.467886002,
          "y": -0.114538544,
          "z": 0.107927841
        },
        {
          "x": -0.467886002,
          "y": 0.114538544,
          "z": 0.107927841
        },
        {
          "x": -0.474496714,
          "y": 0.146627551,
          "z": 0.090620811
        },
        {
          "x": -0.141577426,
          "y": 0.138456272,
          "z": 0.426661229
        },
        {
          "x": -0.232198232,
          "y": 0.173070342,
          "z": 0.370654513
        },
        {
          "x": -0.250469752,
          "y": 0.173070342,
          "z": 0.383875908
        },
        {
          "x": -0.146627551,
          "y": 0.133406156,
          "z": 0.448053914
        },
        {
          "x": -0.181241621,
          "y": 0.327869163,
          "z": 0.271862418
        },
        {
          "x": -0.090620811,
          "y": 0.237248357,
          "z": 0.181241621
        },
        {
          "x": -0.181241621,
          "y": 0.090620811,
          "z": 0.237248357
        },
        {
          "x": -0.271862418,
          "y": 0.181241621,
          "z": 0.327869163
        },
        {
          "x": -0.090620811,
          "y": 0.237248357,
          "z": -0.181241621
        },
        {
          "x": 0,
          "y": 0.202634287,
          "z": -0.237248357
        },
        {
          "x": 0,
          "y": 0.349261824,
          "z": -0.327869163
        },
        {
          "x": -0.383875908,
          "y": 0.042785342,
          "z": 0.301426363
        },
        {
          "x": -0.370654513,
          "y": 0.050956615,
          "z": 0.285083842
        },
        {
          "x": -0.426661229,
          "y": 0.141577426,
          "z": 0.138456272
        },
        {
          "x": -0.448053914,
          "y": 0.146627551,
          "z": 0.133406156
        },
        {
          "x": 0,
          "y": 0.258641018,
          "z": 0.383875908
        },
        {
          "x": 0,
          "y": 0.202634287,
          "z": 0.237248357
        },
        {
          "x": 0.090620811,
          "y": 0.05600674,
          "z": 0.293255102
        },
        {
          "x": 0.090620811,
          "y": 0.112013481,
          "z": 0.439882653
        },
        {
          "x": 0.090620811,
          "y": -0.383875908,
          "z": 0.271862418
        },
        {
          "x": 0.090620811,
          "y": -0.237248357,
          "z": 0.181241621
        },
        {
          "x": 0.05600674,
          "y": -0.293255102,
          "z": 0.090620811
        },
        {
          "x": 0.05600674,
          "y": -0.439882653,
          "z": 0.181241621
        },
        {
          "x": 0.319697902,
          "y": 0.146627551,
          "z": 0.341090558
        },
        {
          "x": 0.314647768,
          "y": 0.141577426,
          "z": 0.319697902
        },
        {
          "x": 0.370654513,
          "y": 0.232198232,
          "z": 0.173070342
        },
        {
          "x": 0.383875908,
          "y": 0.250469752,
          "z": 0.173070342
        },
        {
          "x": 0.319697902,
          "y": -0.314647768,
          "z": -0.141577426
        },
        {
          "x": 0.237248357,
          "y": -0.181241621,
          "z": -0.090620811
        },
        {
          "x": 0.090620811,
          "y": -0.237248357,
          "z": -0.181241621
        },
        {
          "x": 0.173070342,
          "y": -0.370654513,
          "z": -0.232198232
        },
        {
          "x": -0.090620811,
          "y": 0.383875908,
          "z": 0.271862418
        },
        {
          "x": -0.117063602,
          "y": 0.388926024,
          "z": 0.285083842
        },
        {
          "x": 0,
          "y": 0.344211731,
          "z": 0.357433108
        },
        {
          "x": 0,
          "y": 0.349261824,
          "z": 0.327869163
        },
        {
          "x": 0.064178015,
          "y": 0.474496714,
          "z": 0.103842206
        },
        {
          "x": -0.064178015,
          "y": 0.474496714,
          "z": 0.103842206
        },
        {
          "x": -0.090620811,
          "y": 0.474496714,
          "z": 0.146627551
        },
        {
          "x": 0.090620811,
          "y": 0.474496714,
          "z": 0.146627551
        },
        {
          "x": 0,
          "y": 0.327869163,
          "z": -0.383875908
        },
        {
          "x": 0.042785342,
          "y": 0.301426363,
          "z": -0.383875908
        },
        {
          "x": 0.146627551,
          "y": 0.133406156,
          "z": -0.448053914
        },
        {
          "x": 0.146627551,
          "y": 0.090620811,
          "z": -0.474496714
        },
        {
          "x": 0.474496714,
          "y": 0.146627551,
          "z": 0.090620811
        },
        {
          "x": 0.448053914,
          "y": 0.146627551,
          "z": 0.133406156
        },
        {
          "x": 0.383875908,
          "y": 0.042785342,
          "z": 0.301426363
        },
        {
          "x": 0.383875908,
          "y": 0,
          "z": 0.327869163
        },
        {
          "x": -0.458154193,
          "y": 0.090620811,
          "z": -0.05600674
        },
        {
          "x": -0.458154193,
          "y": 0.090620811,
          "z": 0.05600674
        },
        {
          "x": -0.474496714,
          "y": 0.103842206,
          "z": 0.064178015
        },
        {
          "x": -0.474496714,
          "y": 0.103842206,
          "z": -0.064178015
        },
        {
          "x": -0.458154193,
          "y": -0.090620811,
          "z": 0.05600674
        },
        {
          "x": -0.474496714,
          "y": -0.103842206,
          "z": 0.064178015
        },
        {
          "x": 0.103842206,
          "y": 0.064178015,
          "z": -0.474496714
        },
        {
          "x": -0.103842206,
          "y": 0.064178015,
          "z": -0.474496714
        },
        {
          "x": -0.146627551,
          "y": 0.090620811,
          "z": -0.474496714
        },
        {
          "x": 0.232198232,
          "y": -0.173070342,
          "z": -0.370654513
        },
        {
          "x": 0.141577426,
          "y": -0.138456272,
          "z": -0.426661229
        },
        {
          "x": 0.146627551,
          "y": -0.133406156,
          "z": -0.448053914
        },
        {
          "x": 0.250469752,
          "y": -0.173070342,
          "z": -0.383875908
        },
        {
          "x": 0.232198232,
          "y": 0.173070342,
          "z": 0.370654513
        },
        {
          "x": 0.141577426,
          "y": 0.138456272,
          "z": 0.426661229
        },
        {
          "x": 0.146627551,
          "y": 0.133406156,
          "z": 0.448053914
        },
        {
          "x": 0.250469752,
          "y": 0.173070342,
          "z": 0.383875908
        },
        {
          "x": -0.293255102,
          "y": 0.090620811,
          "z": 0.05600674
        },
        {
          "x": -0.370654513,
          "y": 0.232198232,
          "z": 0.173070342
        },
        {
          "x": -0.285083842,
          "y": 0.370654513,
          "z": 0.050956615
        },
        {
          "x": -0.319697902,
          "y": 0.314647768,
          "z": 0.141577426
        },
        {
          "x": 0.383875908,
          "y": -0.293255102,
          "z": -0.146627551
        },
        {
          "x": 0.341090558,
          "y": -0.319697902,
          "z": -0.146627551
        },
        {
          "x": 0.173070342,
          "y": -0.383875908,
          "z": -0.250469752
        },
        {
          "x": 0.146627551,
          "y": -0.383875908,
          "z": -0.293255102
        },
        {
          "x": 0.181241621,
          "y": 0.05600674,
          "z": 0.439882653
        },
        {
          "x": 0.181241621,
          "y": 0.090620811,
          "z": 0.237248357
        },
        {
          "x": 0.271862418,
          "y": 0.090620811,
          "z": 0.383875908
        },
        {
          "x": 0,
          "y": -0.327869163,
          "z": 0.383875908
        },
        {
          "x": 0,
          "y": -0.293255102,
          "z": 0.397097303
        },
        {
          "x": -0.114538544,
          "y": -0.107927841,
          "z": 0.467886002
        },
        {
          "x": -0.146627551,
          "y": -0.090620811,
          "z": 0.474496714
        },
        {
          "x": 0.090620811,
          "y": 0.05600674,
          "z": -0.458154193
        },
        {
          "x": 0.090620811,
          "y": 0.05600674,
          "z": -0.293255102
        },
        {
          "x": -0.090620811,
          "y": 0.05600674,
          "z": -0.293255102
        },
        {
          "x": -0.090620811,
          "y": 0.05600674,
          "z": -0.458154193
        },
        {
          "x": 0.271862418,
          "y": -0.090620811,
          "z": 0.383875908
        },
        {
          "x": 0.181241621,
          "y": -0.090620811,
          "z": 0.237248357
        },
        {
          "x": 0.090620811,
          "y": -0.05600674,
          "z": 0.293255102
        },
        {
          "x": 0.181241621,
          "y": -0.05600674,
          "z": 0.439882653
        },
        {
          "x": -0.439882653,
          "y": 0.090620811,
          "z": 0.112013481
        },
        {
          "x": -0.383875908,
          "y": 0,
          "z": 0.258641018
        },
        {
          "x": -0.397097303,
          "y": 0,
          "z": 0.293255102
        },
        {
          "x": -0.474496714,
          "y": -0.146627551,
          "z": -0.090620811
        },
        {
          "x": -0.467886002,
          "y": -0.114538544,
          "z": -0.107927841
        },
        {
          "x": -0.397097303,
          "y": 0,
          "z": -0.293255102
        },
        {
          "x": -0.383875908,
          "y": 0,
          "z": -0.327869163
        },
        {
          "x": -0.341090558,
          "y": 0.319697902,
          "z": -0.146627551
        },
        {
          "x": -0.173070342,
          "y": 0.383875908,
          "z": -0.250469752
        },
        {
          "x": -0.146627551,
          "y": 0.383875908,
          "z": -0.293255102
        },
        {
          "x": 0.383875908,
          "y": 0.271862418,
          "z": -0.090620811
        },
        {
          "x": 0.388926024,
          "y": 0.285083842,
          "z": -0.117063602
        },
        {
          "x": 0.344211731,
          "y": 0.357433108,
          "z": 0
        },
        {
          "x": 0.349261824,
          "y": 0.327869163,
          "z": 0
        },
        {
          "x": 0.271862418,
          "y": -0.181241621,
          "z": 0.327869163
        },
        {
          "x": 0.237248357,
          "y": -0.181241621,
          "z": 0.090620811
        },
        {
          "x": 0.327869163,
          "y": -0.271862418,
          "z": 0.181241621
        },
        {
          "x": -0.370654513,
          "y": 0.232198232,
          "z": -0.173070342
        },
        {
          "x": -0.426661229,
          "y": 0.141577426,
          "z": -0.138456272
        },
        {
          "x": -0.448053914,
          "y": 0.146627551,
          "z": -0.133406156
        },
        {
          "x": -0.383875908,
          "y": 0.250469752,
          "z": -0.173070342
        },
        {
          "x": -0.174630914,
          "y": 0.359958189,
          "z": 0.289169448
        },
        {
          "x": -0.289169448,
          "y": 0.174630914,
          "z": 0.359958189
        },
        {
          "x": 0.439882653,
          "y": -0.181241621,
          "z": -0.05600674
        },
        {
          "x": 0.461275319,
          "y": -0.168020216,
          "z": -0.07234929
        },
        {
          "x": 0.461275319,
          "y": -0.168020216,
          "z": 0.07234929
        },
        {
          "x": 0.439882653,
          "y": -0.181241621,
          "z": 0.05600674
        },
        {
          "x": -0.05600674,
          "y": -0.439882653,
          "z": -0.181241621
        },
        {
          "x": -0.07234929,
          "y": -0.461275319,
          "z": -0.168020216
        },
        {
          "x": -0.117063602,
          "y": -0.388926024,
          "z": -0.285083842
        },
        {
          "x": -0.090620811,
          "y": -0.383875908,
          "z": -0.271862418
        },
        {
          "x": -0.359958189,
          "y": -0.289169448,
          "z": -0.174630914
        },
        {
          "x": -0.327869163,
          "y": -0.271862418,
          "z": -0.181241621
        },
        {
          "x": -0.181241621,
          "y": -0.327869163,
          "z": -0.271862418
        },
        {
          "x": -0.174630914,
          "y": -0.359958189,
          "z": -0.289169448
        },
        {
          "x": 0.090620811,
          "y": -0.05600674,
          "z": 0.458154193
        },
        {
          "x": -0.090620811,
          "y": -0.05600674,
          "z": 0.293255102
        },
        {
          "x": -0.090620811,
          "y": -0.05600674,
          "z": 0.458154193
        },
        {
          "x": -0.314647768,
          "y": -0.141577426,
          "z": 0.319697902
        },
        {
          "x": -0.370654513,
          "y": -0.232198232,
          "z": 0.173070342
        },
        {
          "x": -0.05600674,
          "y": 0.458154193,
          "z": 0.090620811
        },
        {
          "x": -0.05600674,
          "y": 0.293255102,
          "z": 0.090620811
        },
        {
          "x": -0.05600674,
          "y": 0.293255102,
          "z": -0.090620811
        },
        {
          "x": -0.05600674,
          "y": 0.458154193,
          "z": -0.090620811
        },
        {
          "x": 0.237248357,
          "y": 0.181241621,
          "z": -0.090620811
        },
        {
          "x": 0.439882653,
          "y": 0.181241621,
          "z": -0.05600674
        },
        {
          "x": 0.042785342,
          "y": -0.301426363,
          "z": 0.383875908
        },
        {
          "x": 0.050956615,
          "y": -0.285083842,
          "z": 0.370654513
        },
        {
          "x": 0.141577426,
          "y": -0.138456272,
          "z": 0.426661229
        },
        {
          "x": 0.146627551,
          "y": -0.133406156,
          "z": 0.448053914
        },
        {
          "x": 0.114538544,
          "y": 0.107927841,
          "z": -0.467886002
        },
        {
          "x": 0.090620811,
          "y": 0.112013481,
          "z": -0.439882653
        },
        {
          "x": 0,
          "y": 0.258641018,
          "z": -0.383875908
        },
        {
          "x": 0,
          "y": 0.293255102,
          "z": -0.397097303
        },
        {
          "x": 0.232198232,
          "y": 0.173070342,
          "z": -0.370654513
        },
        {
          "x": 0.181241621,
          "y": 0.090620811,
          "z": -0.237248357
        },
        {
          "x": 0.090620811,
          "y": 0.237248357,
          "z": -0.181241621
        },
        {
          "x": 0.141577426,
          "y": 0.319697902,
          "z": -0.314647768
        },
        {
          "x": -0.146627551,
          "y": -0.090620811,
          "z": -0.474496714
        },
        {
          "x": -0.103842206,
          "y": -0.064178015,
          "z": -0.474496714
        },
        {
          "x": 0.103842206,
          "y": -0.064178015,
          "z": -0.474496714
        },
        {
          "x": 0.146627551,
          "y": -0.090620811,
          "z": -0.474496714
        },
        {
          "x": -0.146627551,
          "y": 0.383875908,
          "z": 0.293255102
        },
        {
          "x": -0.293255102,
          "y": 0.146627551,
          "z": 0.383875908
        },
        {
          "x": -0.138456272,
          "y": 0.426661229,
          "z": 0.141577426
        },
        {
          "x": -0.173070342,
          "y": 0.370654513,
          "z": 0.232198232
        },
        {
          "x": -0.173070342,
          "y": 0.383875908,
          "z": 0.250469752
        },
        {
          "x": -0.133406156,
          "y": 0.448053914,
          "z": 0.146627551
        },
        {
          "x": 0.168020216,
          "y": 0.07234929,
          "z": -0.461275319
        },
        {
          "x": 0.293255102,
          "y": 0.146627551,
          "z": -0.383875908
        },
        {
          "x": 0.285083842,
          "y": 0.117063602,
          "z": -0.388926024
        },
        {
          "x": 0.090620811,
          "y": -0.05600674,
          "z": -0.293255102
        },
        {
          "x": -0.314647768,
          "y": -0.141577426,
          "z": -0.319697902
        },
        {
          "x": -0.370654513,
          "y": -0.050956615,
          "z": -0.285083842
        },
        {
          "x": -0.383875908,
          "y": -0.042785342,
          "z": -0.301426363
        },
        {
          "x": -0.319697902,
          "y": -0.146627551,
          "z": -0.341090558
        },
        {
          "x": -0.293255102,
          "y": -0.146627551,
          "z": 0.383875908
        },
        {
          "x": -0.289169448,
          "y": -0.174630914,
          "z": 0.359958189
        },
        {
          "x": -0.174630914,
          "y": -0.359958189,
          "z": 0.289169448
        },
        {
          "x": -0.146627551,
          "y": -0.383875908,
          "z": 0.293255102
        },
        {
          "x": -0.090620811,
          "y": -0.383875908,
          "z": 0.271862418
        },
        {
          "x": -0.117063602,
          "y": -0.388926024,
          "z": 0.285083842
        },
        {
          "x": -0.07234929,
          "y": -0.461275319,
          "z": 0.168020216
        },
        {
          "x": -0.05600674,
          "y": -0.439882653,
          "z": 0.181241621
        },
        {
          "x": -0.359958189,
          "y": -0.289169448,
          "z": 0.174630914
        },
        {
          "x": -0.383875908,
          "y": -0.293255102,
          "z": 0.146627551
        },
        {
          "x": 0.383875908,
          "y": 0,
          "z": -0.258641018
        },
        {
          "x": 0.439882653,
          "y": -0.090620811,
          "z": -0.112013481
        },
        {
          "x": 0.370654513,
          "y": -0.232198232,
          "z": 0.173070342
        },
        {
          "x": 0.314647768,
          "y": -0.141577426,
          "z": 0.319697902
        },
        {
          "x": 0.141577426,
          "y": 0.138456272,
          "z": -0.426661229
        },
        {
          "x": -0.146627551,
          "y": 0.090620811,
          "z": 0.474496714
        },
        {
          "x": -0.271862418,
          "y": 0.181241621,
          "z": -0.327869163
        },
        {
          "x": -0.181241621,
          "y": 0.090620811,
          "z": -0.237248357
        },
        {
          "x": -0.181241621,
          "y": 0.327869163,
          "z": -0.271862418
        },
        {
          "x": -0.133406156,
          "y": 0.448053914,
          "z": -0.146627551
        },
        {
          "x": -0.090620811,
          "y": 0.474496714,
          "z": -0.146627551
        },
        {
          "x": 0.314647768,
          "y": -0.141577426,
          "z": -0.319697902
        },
        {
          "x": 0.370654513,
          "y": -0.232198232,
          "z": -0.173070342
        },
        {
          "x": -0.112013481,
          "y": -0.439882653,
          "z": 0.090620811
        },
        {
          "x": -0.05600674,
          "y": -0.293255102,
          "z": 0.090620811
        },
        {
          "x": -0.05600674,
          "y": -0.293255102,
          "z": -0.090620811
        },
        {
          "x": -0.112013481,
          "y": -0.439882653,
          "z": -0.090620811
        },
        {
          "x": 0,
          "y": -0.202634287,
          "z": 0.237248357
        },
        {
          "x": 0.141577426,
          "y": -0.319697902,
          "z": 0.314647768
        },
        {
          "x": 0.090620811,
          "y": 0.383875908,
          "z": 0.271862418
        },
        {
          "x": 0.090620811,
          "y": 0.237248357,
          "z": 0.181241621
        },
        {
          "x": 0,
          "y": -0.258641018,
          "z": -0.383875908
        },
        {
          "x": 0,
          "y": -0.202634287,
          "z": -0.237248357
        },
        {
          "x": 0.090620811,
          "y": -0.112013481,
          "z": -0.439882653
        },
        {
          "x": -0.133406156,
          "y": -0.448053914,
          "z": 0.146627551
        },
        {
          "x": -0.138456272,
          "y": -0.426661229,
          "z": 0.141577426
        },
        {
          "x": -0.285083842,
          "y": -0.370654513,
          "z": 0.050956615
        },
        {
          "x": -0.301426363,
          "y": -0.383875908,
          "z": 0.042785342
        },
        {
          "x": -0.114538544,
          "y": 0.107927841,
          "z": -0.467886002
        },
        {
          "x": -0.271862418,
          "y": 0.090620811,
          "z": -0.383875908
        },
        {
          "x": -0.237248357,
          "y": 0,
          "z": -0.202634287
        },
        {
          "x": -0.327869163,
          "y": 0,
          "z": -0.349261824
        },
        {
          "x": 0.050956615,
          "y": -0.285083842,
          "z": -0.370654513
        },
        {
          "x": 0.042785342,
          "y": -0.301426363,
          "z": -0.383875908
        },
        {
          "x": -0.383875908,
          "y": 0,
          "z": -0.258641018
        },
        {
          "x": -0.439882653,
          "y": 0.090620811,
          "z": -0.112013481
        },
        {
          "x": -0.467886002,
          "y": 0.114538544,
          "z": -0.107927841
        },
        {
          "x": 0.285083842,
          "y": 0.370654513,
          "z": -0.050956615
        },
        {
          "x": 0.202634287,
          "y": 0.237248357,
          "z": 0
        },
        {
          "x": 0.05600674,
          "y": 0.293255102,
          "z": -0.090620811
        },
        {
          "x": 0.138456272,
          "y": 0.426661229,
          "z": -0.141577426
        },
        {
          "x": 0.090620811,
          "y": 0.474496714,
          "z": -0.146627551
        },
        {
          "x": 0.107927841,
          "y": 0.467886002,
