{
  "polygons" : "true",
  "field" : "snubDodec",
  "symmetry" : "icosahedral",
  "orientations" : [ [ 1.0, 0.0, 0.0, 0.0, 0.0, 1.0, 0.0, 0.0, 0.0, 0.0, 1.0, 0.0, 0.0, 0.0, 0.0, 1.0 ], [ 0.0, 0.0, 1.0, 0.0, 1.0, 0.0, 0.0, 0.0, 0.0, 1.0, 0.0, 0.0, 0.0, 0.0, 0.0, 1.0 ], [ 0.0, 1.0, 0.0, 0.0, 0.0, 0.0, 1.0, 0.0, 1.0, 0.0, 0.0, 0.0, 0.0, 0.0, 0.0, 1.0 ], [ 0.809017, 0.309017, 0.5, 0.0, 0.309017, 0.5, -0.809017, 0.0, -0.5, 0.809017, 0.309017, 0.0, 0.0, 0.0, 0.0, 1.0 ], [ -0.5, 0.809017, 0.309017, 0.0, 0.809017, 0.309017, 0.5, 0.0, 0.309017, 0.5, -0.809017, 0.0, 0.0, 0.0, 0.0, 1.0 ], [ 0.309017, 0.5, -0.809017, 0.0, -0.5, 0.809017, 0.309017, 0.0, 0.809017, 0.309017, 0.5, 0.0, 0.0, 0.0, 0.0, 1.0 ], [ 0.5, 0.809017, 0.309017, 0.0, 0.809017, -0.309017, -0.5, 0.0, -0.309017, 0.5, -0.809017, 0.0, 0.0, 0.0, 0.0, 1.0 ], [ -0.309017, 0.5, -0.809017, 0.0, 0.5, 0.809017, 0.309017, 0.0, 0.809017, -0.309017, -0.5, 0.0, 0.0, 0.0, 0.0, 1.0 ], [ 0.809017, -0.309017, -0.5, 0.0, -0.309017, 0.5, -0.809017, 0.0, 0.5, 0.809017, 0.309017, 0.0, 0.0, 0.0, 0.0, 1.0 ], [ 0.5, 0.809017, -0.309017, 0.0, 0.809017, -0.309017, 0.5, 0.0, 0.309017, -0.5, -0.809017, 0.0, 0.0, 0.0, 0.0, 1.0 ], [ 0.309017, -0.5, -0.809017, 0.0, 0.5, 0.809017, -0.309017, 0.0, 0.809017, -0.309017, 0.5, 0.0, 0.0, 0.0, 0.0, 1.0 ], [ 0.809017, -0.309017, 0.5, 0.0, 0.309017, -0.5, -0.809017, 0.0, 0.5, 0.809017, -0.309017, 0.0, 0.0, 0.0, 0.0, 1.0 ], [ 0.809017, 0.309017, -0.5, 0.0, 0.309017, 0.5, 0.809017, 0.0, 0.5, -0.809017, 0.309017, 0.0, 0.0, 0.0, 0.0, 1.0 ], [ 0.5, -0.809017, 0.309017, 0.0, 0.809017, 0.309017, -0.5, 0.0, 0.309017, 0.5, 0.809017, 0.0, 0.0, 0.0, 0.0, 1.0 ], [ 0.309017, 0.5, 0.809017, 0.0, 0.5, -0.809017, 0.309017, 0.0, 0.809017, 0.309017, -0.5, 0.0, 0.0, 0.0, 0.0, 1.0 ], [ 1.0, 0.0, 0.0, 0.0, 0.0, -1.0, 0.0, 0.0, 0.0, 0.0, -1.0, 0.0, 0.0, 0.0, 0.0, 1.0 ], [ 0.0, 0.0, 1.0, 0.0, -1.0, 0.0, 0.0, 0.0, 0.0, -1.0, 0.0, 0.0, 0.0, 0.0, 0.0, 1.0 ], [ 0.0, 1.0, 0.0, 0.0, 0.0, 0.0, -1.0, 0.0, -1.0, 0.0, 0.0, 0.0, 0.0, 0.0, 0.0, 1.0 ], [ 0.809017, 0.309017, 0.5, 0.0, -0.309017, -0.5, 0.809017, 0.0, 0.5, -0.809017, -0.309017, 0.0, 0.0, 0.0, 0.0, 1.0 ], [ -0.5, 0.809017, 0.309017, 0.0, -0.809017, -0.309017, -0.5, 0.0, -0.309017, -0.5, 0.809017, 0.0, 0.0, 0.0, 0.0, 1.0 ], [ 0.309017, 0.5, -0.809017, 0.0, 0.5, -0.809017, -0.309017, 0.0, -0.809017, -0.309017, -0.5, 0.0, 0.0, 0.0, 0.0, 1.0 ], [ 0.5, 0.809017, 0.309017, 0.0, -0.809017, 0.309017, 0.5, 0.0, 0.309017, -0.5, 0.809017, 0.0, 0.0, 0.0, 0.0, 1.0 ], [ -0.309017, 0.5, -0.809017, 0.0, -0.5, -0.809017, -0.309017, 0.0, -0.809017, 0.309017, 0.5, 0.0, 0.0, 0.0, 0.0, 1.0 ], [ 0.809017, -0.309017, -0.5, 0.0, 0.309017, -0.5, 0.809017, 0.0, -0.5, -0.809017, -0.309017, 0.0, 0.0, 0.0, 0.0, 1.0 ], [ 0.5, 0.809017, -0.309017, 0.0, -0.809017, 0.309017, -0.5, 0.0, -0.309017, 0.5, 0.809017, 0.0, 0.0, 0.0, 0.0, 1.0 ], [ 0.309017, -0.5, -0.809017, 0.0, -0.5, -0.809017, 0.309017, 0.0, -0.809017, 0.309017, -0.5, 0.0, 0.0, 0.0, 0.0, 1.0 ], [ 0.809017, -0.309017, 0.5, 0.0, -0.309017, 0.5, 0.809017, 0.0, -0.5, -0.809017, 0.309017, 0.0, 0.0, 0.0, 0.0, 1.0 ], [ 0.809017, 0.309017, -0.5, 0.0, -0.309017, -0.5, -0.809017, 0.0, -0.5, 0.809017, -0.309017, 0.0, 0.0, 0.0, 0.0, 1.0 ], [ 0.5, -0.809017, 0.309017, 0.0, -0.809017, -0.309017, 0.5, 0.0, -0.309017, -0.5, -0.809017, 0.0, 0.0, 0.0, 0.0, 1.0 ], [ 0.309017, 0.5, 0.809017, 0.0, -0.5, 0.809017, -0.309017, 0.0, -0.809017, -0.309017, 0.5, 0.0, 0.0, 0.0, 0.0, 1.0 ], [ -1.0, 0.0, 0.0, 0.0, 0.0, -1.0, 0.0, 0.0, 0.0, 0.0, 1.0, 0.0, 0.0, 0.0, 0.0, 1.0 ], [ 0.0, 0.0, -1.0, 0.0, -1.0, 0.0, 0.0, 0.0, 0.0, 1.0, 0.0, 0.0, 0.0, 0.0, 0.0, 1.0 ], [ 0.0, -1.0, 0.0, 0.0, 0.0, 0.0, -1.0, 0.0, 1.0, 0.0, 0.0, 0.0, 0.0, 0.0, 0.0, 1.0 ], [ -0.809017, -0.309017, -0.5, 0.0, -0.309017, -0.5, 0.809017, 0.0, -0.5, 0.809017, 0.309017, 0.0, 0.0, 0.0, 0.0, 1.0 ], [ 0.5, -0.809017, -0.309017, 0.0, -0.809017, -0.309017, -0.5, 0.0, 0.309017, 0.5, -0.809017, 0.0, 0.0, 0.0, 0.0, 1.0 ], [ -0.309017, -0.5, 0.809017, 0.0, 0.5, -0.809017, -0.309017, 0.0, 0.809017, 0.309017, 0.5, 0.0, 0.0, 0.0, 0.0, 1.0 ], [ -0.5, -0.809017, -0.309017, 0.0, -0.809017, 0.309017, 0.5, 0.0, -0.309017, 0.5, -0.809017, 0.0, 0.0, 0.0, 0.0, 1.0 ], [ 0.309017, -0.5, 0.809017, 0.0, -0.5, -0.809017, -0.309017, 0.0, 0.809017, -0.309017, -0.5, 0.0, 0.0, 0.0, 0.0, 1.0 ], [ -0.809017, 0.309017, 0.5, 0.0, 0.309017, -0.5, 0.809017, 0.0, 0.5, 0.809017, 0.309017, 0.0, 0.0, 0.0, 0.0, 1.0 ], [ -0.5, -0.809017, 0.309017, 0.0, -0.809017, 0.309017, -0.5, 0.0, 0.309017, -0.5, -0.809017, 0.0, 0.0, 0.0, 0.0, 1.0 ], [ -0.309017, 0.5, 0.809017, 0.0, -0.5, -0.809017, 0.309017, 0.0, 0.809017, -0.309017, 0.5, 0.0, 0.0, 0.0, 0.0, 1.0 ], [ -0.809017, 0.309017, -0.5, 0.0, -0.309017, 0.5, 0.809017, 0.0, 0.5, 0.809017, -0.309017, 0.0, 0.0, 0.0, 0.0, 1.0 ], [ -0.809017, -0.309017, 0.5, 0.0, -0.309017, -0.5, -0.809017, 0.0, 0.5, -0.809017, 0.309017, 0.0, 0.0, 0.0, 0.0, 1.0 ], [ -0.5, 0.809017, -0.309017, 0.0, -0.809017, -0.309017, 0.5, 0.0, 0.309017, 0.5, 0.809017, 0.0, 0.0, 0.0, 0.0, 1.0 ], [ -0.309017, -0.5, -0.809017, 0.0, -0.5, 0.809017, -0.309017, 0.0, 0.809017, 0.309017, -0.5, 0.0, 0.0, 0.0, 0.0, 1.0 ], [ -1.0, 0.0, 0.0, 0.0, 0.0, 1.0, 0.0, 0.0, 0.0, 0.0, -1.0, 0.0, 0.0, 0.0, 0.0, 1.0 ], [ 0.0, 0.0, -1.0, 0.0, 1.0, 0.0, 0.0, 0.0, 0.0, -1.0, 0.0, 0.0, 0.0, 0.0, 0.0, 1.0 ], [ 0.0, -1.0, 0.0, 0.0, 0.0, 0.0, 1.0, 0.0, -1.0, 0.0, 0.0, 0.0, 0.0, 0.0, 0.0, 1.0 ], [ -0.809017, -0.309017, -0.5, 0.0, 0.309017, 0.5, -0.809017, 0.0, 0.5, -0.809017, -0.309017, 0.0, 0.0, 0.0, 0.0, 1.0 ], [ 0.5, -0.809017, -0.309017, 0.0, 0.809017, 0.309017, 0.5, 0.0, -0.309017, -0.5, 0.809017, 0.0, 0.0, 0.0, 0.0, 1.0 ], [ -0.309017, -0.5, 0.809017, 0.0, -0.5, 0.809017, 0.309017, 0.0, -0.809017, -0.309017, -0.5, 0.0, 0.0, 0.0, 0.0, 1.0 ], [ -0.5, -0.809017, -0.309017, 0.0, 0.809017, -0.309017, -0.5, 0.0, 0.309017, -0.5, 0.809017, 0.0, 0.0, 0.0, 0.0, 1.0 ], [ 0.309017, -0.5, 0.809017, 0.0, 0.5, 0.809017, 0.309017, 0.0, -0.809017, 0.309017, 0.5, 0.0, 0.0, 0.0, 0.0, 1.0 ], [ -0.809017, 0.309017, 0.5, 0.0, -0.309017, 0.5, -0.809017, 0.0, -0.5, -0.809017, -0.309017, 0.0, 0.0, 0.0, 0.0, 1.0 ], [ -0.5, -0.809017, 0.309017, 0.0, 0.809017, -0.309017, 0.5, 0.0, -0.309017, 0.5, 0.809017, 0.0, 0.0, 0.0, 0.0, 1.0 ], [ -0.309017, 0.5, 0.809017, 0.0, 0.5, 0.809017, -0.309017, 0.0, -0.809017, 0.309017, -0.5, 0.0, 0.0, 0.0, 0.0, 1.0 ], [ -0.809017, 0.309017, -0.5, 0.0, 0.309017, -0.5, -0.809017, 0.0, -0.5, -0.809017, 0.309017, 0.0, 0.0, 0.0, 0.0, 1.0 ], [ -0.809017, -0.309017, 0.5, 0.0, 0.309017, 0.5, 0.809017, 0.0, -0.5, 0.809017, -0.309017, 0.0, 0.0, 0.0, 0.0, 1.0 ], [ -0.5, 0.809017, -0.309017, 0.0, 0.809017, 0.309017, -0.5, 0.0, -0.309017, -0.5, -0.809017, 0.0, 0.0, 0.0, 0.0, 1.0 ], [ -0.309017, -0.5, -0.809017, 0.0, 0.5, -0.809017, 0.309017, 0.0, -0.809017, -0.309017, 0.5, 0.0, 0.0, 0.0, 0.0, 1.0 ] ],
  "lights" : {
    "directionalLights" : [ {
      "direction" : [ 1.0, -1.0, -1.0 ],
      "color" : "#EBEBE4"
    }, {
      "direction" : [ -1.0, 0.0, 0.0 ],
      "color" : "#E4E4EB"
    }, {
      "direction" : [ 0.0, 0.0, -1.0 ],
      "color" : "#1E1E1E"
    } ],
    "backgroundColor" : "#AFC8DC",
    "ambientColor" : "#292929"
  },
  "camera" : {
    "lookAtPoint" : {
      "x" : 0.0,
      "y" : 0.0,
      "z" : 0.0
    },
    "lookDirection" : {
      "x" : 0.067748085,
      "y" : -0.15497328,
      "z" : -0.98559266
    },
    "farClipDistance" : 217.46254,
    "upDirection" : {
      "x" : 0.21089405,
      "y" : 0.96776557,
      "z" : -0.13767353
    },
    "stereo" : false,
    "nearClipDistance" : 0.27182817,
    "width" : 48.92907,
    "position" : {
      "x" : -7.3663354,
      "y" : 16.850441,
      "z" : 107.16474
    },
    "fieldOfView" : 0.44262886,
    "upDirectionRV" : {
      "x" : 0.21089405,
      "y" : 0.96776557,
      "z" : -0.13767353,
      "zero" : false
    },
    "viewDistance" : 108.73127,
    "lookAtPointRV" : {
      "x" : 0.0,
      "y" : 0.0,
      "z" : 0.0,
      "zero" : true
    },
    "perspective" : true,
    "lookDirectionRV" : {
      "x" : 0.067748085,
      "y" : -0.15497328,
      "z" : -0.98559266,
      "zero" : false
    }
  },
  "embedding" : [ 1.0, 0.0, 0.0, 0.0, 0.0, 1.0, 0.0, 0.0, 0.0, 0.0, 1.0, 0.0, 0.0, 0.0, 0.0, 1.0 ],
  "shapes" : [ {
    "id" : "aa40e42a-8547-4cad-9956-b985b0ed3185",
    "orbit" : "0",
    "orbitC" : "[[20,-13,-46,28,-38,24,1],[-21,13,52,-32,42,-26,1]]",
    "length" : "[196,-120,-60,38,-22,16,31]",
    "name" : " :196/31 -120/31*phi -60/31*xi +38/31*phi*xi -22/31*xi^2 +16/31*phi*xi^2",
    "vertices" : [ {
      "x" : -2.8523974,
      "y" : 0.42473546,
      "z" : 0.72983223
    }, {
      "x" : -2.9523976,
      "y" : 0.52473545,
      "z" : 0.32983226
    }, {
      "x" : -0.58895916,
      "y" : 0.3470324,
      "z" : 0.0070535555
    }, {
      "x" : -0.48895913,
      "y" : 0.2470324,
      "z" : 0.40705356
    }, {
      "x" : -2.7190642,
      "y" : 0.82473546,
      "z" : 0.46316558
    }, {
      "x" : -2.619064,
      "y" : 0.72473544,
      "z" : 0.86316556
    }, {
      "x" : -0.7222925,
      "y" : -0.0529676,
      "z" : 0.27372023
    }, {
      "x" : -0.82229245,
      "y" : 0.0470324,
      "z" : -0.12627977
    } ],
    "faces" : [ {
      "vertices" : [ 2, 3, 6, 7 ]
    }, {
      "vertices" : [ 0, 5, 4, 1 ]
    }, {
      "vertices" : [ 2, 4, 5, 3 ]
    }, {
      "vertices" : [ 0, 6, 3, 5 ]
    }, {
      "vertices" : [ 0, 1, 7, 6 ]
    }, {
      "vertices" : [ 1, 4, 2, 7 ]
    } ]
  }, {
    "id" : "52210030-e34d-432c-9e48-663dc0e9e78c",
    "orbit" : "1",
    "orbitC" : "[[-56,21,12,-20,26,-2,31],[-15,25,32,-12,28,-26,31]]",
    "length" : "[2,-1,0,0,0,0,1]",
    "name" : " :2 -phi",
    "vertices" : [ {
      "x" : 0.12073993,
      "y" : -1.245142,
      "z" : -0.71451056
    }, {
      "x" : 0.5207399,
      "y" : -1.145142,
      "z" : -0.61451054
    }, {
      "x" : 0.44663143,
      "y" : -0.3343252,
      "z" : -0.4783704
    }, {
      "x" : 0.046631426,
      "y" : -0.4343252,
      "z" : -0.5783704
    }, {
      "x" : 0.65407324,
      "y" : -0.9118086,
      "z" : -0.91451055
    }, {
      "x" : 0.25407326,
      "y" : -1.0118086,
      "z" : -1.0145105
    }, {
      "x" : -0.08670191,
      "y" : -0.6676585,
      "z" : -0.2783704
    }, {
      "x" : 0.3132981,
      "y" : -0.56765854,
      "z" : -0.17837042
    } ],
    "faces" : [ {
      "vertices" : [ 2, 3, 6, 7 ]
    }, {
      "vertices" : [ 0, 5, 4, 1 ]
    }, {
      "vertices" : [ 2, 4, 5, 3 ]
    }, {
      "vertices" : [ 0, 6, 3, 5 ]
    }, {
      "vertices" : [ 0, 1, 7, 6 ]
    }, {
      "vertices" : [ 1, 4, 2, 7 ]
    } ]
  }, {
    "id" : "9da4a6c9-ed02-44d6-8379-a0eadba19abb",
    "orbit" : "snubPentagon",
    "orbitC" : "[[-38,23,6,-4,20,-12,1],[23,-15,-4,2,-12,8,1]]",
    "length" : "[-18,-18,-3,-6,9,9,2]",
    "name" : " :-9 -9*phi -3/2*xi -3*phi*xi +9/2*xi^2 +9/2*phi*xi^2",
    "vertices" : [ {
      "x" : 0.29494715,
      "y" : 0.061496653,
      "z" : 1.3870043
    }, {
      "x" : -0.10505285,
      "y" : 0.16149665,
      "z" : 1.4870043
    }, {
      "x" : -0.04948053,
      "y" : 0.33567667,
      "z" : 0.6183862
    }, {
      "x" : 0.35051948,
      "y" : 0.23567668,
      "z" : 0.5183862
    }, {
      "x" : 0.028280485,
      "y" : 0.46149665,
      "z" : 1.2536709
    }, {
      "x" : 0.42828047,
      "y" : 0.36149666,
      "z" : 1.153671
    }, {
      "x" : 0.21718614,
      "y" : -0.06432332,
      "z" : 0.75171953
    }, {
      "x" : -0.18281387,
      "y" : 0.035676684,
      "z" : 0.85171956
    } ],
    "faces" : [ {
      "vertices" : [ 2, 3, 6, 7 ]
    }, {
      "vertices" : [ 0, 5, 4, 1 ]
    }, {
      "vertices" : [ 2, 4, 5, 3 ]
    }, {
      "vertices" : [ 0, 6, 3, 5 ]
    }, {
      "vertices" : [ 0, 1, 7, 6 ]
    }, {
      "vertices" : [ 1, 4, 2, 7 ]
    } ]
  }, {
    "id" : "0dc55efe-5098-4def-97d5-76ea34258603",
    "orbit" : "snubDiagonal",
    "orbitC" : "[[4,5,-18,16,-20,8,11],[21,-15,-34,18,-28,20,11]]",
    "length" : "[9,18,0,0,-3,-6,2]",
    "name" : " :9/2 +9*phi -3/2*xi^2 -3*phi*xi^2",
    "vertices" : [ {
      "x" : 2.1917274,
      "y" : -1.6761651,
      "z" : 0.13333334
    }, {
      "x" : 2.2917275,
      "y" : -1.7761651,
      "z" : -0.26666668
    }, {
      "x" : 0.45630294,
      "y" : -0.6617173,
      "z" : -0.13333334
    }, {
      "x" : 0.35630295,
      "y" : -0.5617173,
      "z" : 0.26666668
    }, {
      "x" : 2.0583942,
      "y" : -2.0761652,
      "z" : -0.13333334
    }, {
      "x" : 1.9583942,
      "y" : -1.976165,
      "z" : 0.26666668
    }, {
      "x" : 0.58963627,
      "y" : -0.2617173,
      "z" : 0.13333334
    }, {
      "x" : 0.6896363,
      "y" : -0.36171728,
      "z" : -0.26666668
    } ],
    "faces" : [ {
      "vertices" : [ 2, 3, 6, 7 ]
    }, {
      "vertices" : [ 0, 5, 4, 1 ]
    }, {
      "vertices" : [ 2, 4, 5, 3 ]
    }, {
      "vertices" : [ 0, 6, 3, 5 ]
    }, {
      "vertices" : [ 0, 1, 7, 6 ]
    }, {
      "vertices" : [ 1, 4, 2, 7 ]
    } ]
  }, {
    "id" : "7ce4d00b-8027-48f5-ab3d-ff41a313243d",
    "vertices" : [ {
      "x" : 0.0,
      "y" : 0.0,
      "z" : 0.0
    }, {
      "x" : 0.68137527,
      "y" : 3.4403708,
      "z" : -0.42111307
    }, {
      "x" : -2.6480305,
      "y" : 2.3378823,
      "z" : 0.0
    } ],
    "faces" : [ {
      "vertices" : [ 0, 1, 2 ]
    }, {
      "vertices" : [ 0, 2, 1 ]
    } ]
  }, {
    "id" : "34fe61a9-897a-47c7-abea-4045d1e2cfc3",
    "vertices" : [ {
      "x" : 0.0,
      "y" : 0.0,
      "z" : 0.0
    }, {
      "x" : 2.1173413,
      "y" : 2.9140694,
      "z" : 0.08140061
    }, {
      "x" : -1.3240153,
      "y" : 3.6858373,
      "z" : 0.8182864
    }, {
      "x" : -2.686766,
      "y" : 2.1423016,
      "z" : 0.8182864
    }, {
      "x" : -2.0053904,
      "y" : 0.24546662,
      "z" : 0.39717335
    } ],
    "faces" : [ {
      "vertices" : [ 0, 1, 2, 3, 4 ]
    }, {
      "vertices" : [ 0, 4, 3, 2, 1 ]
    } ]
  }, {
    "id" : "f577430c-81ca-4d1e-9070-18824ba59aac",
    "orbit" : "snubTriangle",
    "orbitC" : "[[72,9,4,36,-48,-6,71],[135,-63,-28,32,-90,42,71]]",
    "length" : "[9,18,0,0,-3,-6,2]",
    "name" : " :9/2 +9*phi -3/2*xi^2 -3*phi*xi^2",
    "vertices" : [ {
      "x" : 0.15663984,
      "y" : -1.8500273,
      "z" : -2.2267208
    }, {
      "x" : -0.24336015,
      "y" : -1.7500274,
      "z" : -2.126721
    }, {
      "x" : -0.293551,
      "y" : -0.5764762,
      "z" : -0.33669388
    }, {
      "x" : 0.106449015,
      "y" : -0.67647624,
      "z" : -0.43669388
    }, {
      "x" : -0.3766935,
      "y" : -2.0500274,
      "z" : -1.8933876
    }, {
      "x" : 0.023306519,
      "y" : -2.1500273,
      "z" : -1.9933876
    }, {
      "x" : 0.23978235,
      "y" : -0.37647623,
      "z" : -0.6700272
    }, {
      "x" : -0.16021766,
      "y" : -0.27647623,
      "z" : -0.57002723
    } ],
    "faces" : [ {
      "vertices" : [ 2, 3, 6, 7 ]
    }, {
      "vertices" : [ 0, 5, 4, 1 ]
    }, {
      "vertices" : [ 2, 4, 5, 3 ]
    }, {
      "vertices" : [ 0, 6, 3, 5 ]
    }, {
      "vertices" : [ 0, 1, 7, 6 ]
    }, {
      "vertices" : [ 1, 4, 2, 7 ]
    } ]
  }, {
    "id" : "c8bd98a4-dfc5-4143-b735-d72ab7df5e45",
    "orbit" : "snubPentagon",
    "orbitC" : "[[-38,23,6,-4,20,-12,1],[23,-15,-4,2,-12,8,1]]",
    "length" : "[9,18,0,0,-3,-6,2]",
    "name" : " :9/2 +9*phi -3/2*xi^2 -3*phi*xi^2",
    "vertices" : [ {
      "x" : 0.4705936,
      "y" : 0.3456986,
      "z" : 2.8219845
    }, {
      "x" : 0.07059362,
      "y" : 0.4456986,
      "z" : 2.9219847
    }, {
      "x" : -0.04948053,
      "y" : 0.33567667,
      "z" : 0.6183862
    }, {
      "x" : 0.35051948,
      "y" : 0.23567668,
      "z" : 0.5183862
    }, {
      "x" : 0.20392695,
      "y" : 0.7456986,
      "z" : 2.6886513
    }, {
      "x" : 0.60392696,
      "y" : 0.6456986,
      "z" : 2.5886512
    }, {
      "x" : 0.21718614,
      "y" : -0.06432332,
      "z" : 0.75171953
    }, {
      "x" : -0.18281387,
      "y" : 0.035676684,
      "z" : 0.85171956
    } ],
    "faces" : [ {
      "vertices" : [ 2, 3, 6, 7 ]
    }, {
      "vertices" : [ 0, 5, 4, 1 ]
    }, {
      "vertices" : [ 2, 4, 5, 3 ]
    }, {
      "vertices" : [ 0, 6, 3, 5 ]
    }, {
      "vertices" : [ 0, 1, 7, 6 ]
    }, {
      "vertices" : [ 1, 4, 2, 7 ]
    } ]
  }, {
    "id" : "6c76bd1d-57d7-49ca-ab13-0f9d8ceff8e8",
    "name" : "ball",
    "vertices" : [ {
      "x" : 0.309017,
      "y" : -0.309017,
      "z" : -0.309017
    }, {
      "x" : 0.5,
      "y" : 0.0,
      "z" : -0.19098301
    }, {
      "x" : 0.5,
      "y" : 0.0,
      "z" : 0.19098301
    }, {
      "x" : 0.309017,
      "y" : -0.309017,
      "z" : 0.309017
    }, {
      "x" : 0.19098301,
      "y" : -0.5,
      "z" : 0.0
    }, {
      "x" : 0.0,
      "y" : 0.19098301,
      "z" : 0.5
    }, {
      "x" : 0.0,
      "y" : -0.19098301,
      "z" : 0.5
    }, {
      "x" : 0.309017,
      "y" : 0.309017,
      "z" : 0.309017
    }, {
      "x" : -0.309017,
      "y" : -0.309017,
      "z" : 0.309017
    }, {
      "x" : -0.309017,
      "y" : 0.309017,
      "z" : 0.309017
    }, {
      "x" : -0.5,
      "y" : 0.0,
      "z" : 0.19098301
    }, {
      "x" : 0.0,
      "y" : -0.19098301,
      "z" : -0.5
    }, {
      "x" : 0.0,
      "y" : 0.19098301,
      "z" : -0.5
    }, {
      "x" : 0.309017,
      "y" : 0.309017,
      "z" : -0.309017
    }, {
      "x" : -0.309017,
      "y" : -0.309017,
      "z" : -0.309017
    }, {
      "x" : -0.19098301,
      "y" : -0.5,
      "z" : 0.0
    }, {
      "x" : -0.5,
      "y" : 0.0,
      "z" : -0.19098301
    }, {
      "x" : 0.19098301,
      "y" : 0.5,
      "z" : 0.0
    }, {
      "x" : -0.309017,
      "y" : 0.309017,
      "z" : -0.309017
    }, {
      "x" : 0.0,
      "y" : 0.0,
      "z" : 0.0
    }, {
      "x" : -0.19098301,
      "y" : 0.5,
      "z" : 0.0
    } ],
    "faces" : [ {
      "vertices" : [ 12, 18, 20, 17, 13 ]
    }, {
      "vertices" : [ 3, 6, 8, 15, 4 ]
    }, {
      "vertices" : [ 0, 11, 12, 13, 1 ]
    }, {
      "vertices" : [ 5, 9, 10, 8, 6 ]
    }, {
      "vertices" : [ 2, 7, 5, 6, 3 ]
    }, {
      "vertices" : [ 11, 14, 16, 18, 12 ]
    }, {
      "vertices" : [ 1, 13, 17, 7, 2 ]
    }, {
      "vertices" : [ 9, 20, 18, 16, 10 ]
    }, {
      "vertices" : [ 0, 1, 2, 3, 4 ]
    }, {
      "vertices" : [ 5, 7, 17, 20, 9 ]
    }, {
      "vertices" : [ 0, 4, 15, 14, 11 ]
    }, {
      "vertices" : [ 8, 10, 16, 14, 15 ]
    } ]
  }, {
    "id" : "aed77d83-53f6-4d33-9a77-a331ed425736",
    "vertices" : [ {
      "x" : 0.0,
      "y" : 0.0,
      "z" : 0.0
    }, {
      "x" : -3.3294058,
      "y" : -1.1024884,
      "z" : 0.42111307
    }, {
      "x" : -0.68137527,
      "y" : -3.4403708,
      "z" : 0.42111307
    } ],
    "faces" : [ {
      "vertices" : [ 0, 1, 2 ]
    }, {
      "vertices" : [ 0, 2, 1 ]
    } ]
  }, {
    "id" : "5bbac9a4-2425-42c7-b686-f5e8c8a06c97",
    "vertices" : [ {
      "x" : 0.0,
      "y" : 0.0,
      "z" : 0.0
    }, {
      "x" : 0.68137527,
      "y" : -1.8968351,
      "z" : -0.42111307
    }, {
      "x" : 2.686766,
      "y" : -2.1423016,
      "z" : -0.8182864
    }, {
      "x" : 4.804107,
      "y" : 0.77176785,
      "z" : -0.7368858
    }, {
      "x" : 1.3627505,
      "y" : 1.5435357,
      "z" : 0.0
    } ],
    "faces" : [ {
      "vertices" : [ 0, 1, 2, 3, 4 ]
    }, {
      "vertices" : [ 0, 4, 3, 2, 1 ]
    } ]
  }, {
    "id" : "419a6cdb-7ccf-4d70-b598-38b4427ac85e",
    "vertices" : [ {
      "x" : 0.0,
      "y" : 0.0,
      "z" : 0.0
    }, {
      "x" : -3.4413567,
      "y" : 0.77176785,
      "z" : 0.7368858
    }, {
      "x" : -4.804107,
      "y" : -0.77176785,
      "z" : 0.7368858
    }, {
      "x" : -4.1227317,
      "y" : -2.668603,
      "z" : 0.3157727
    }, {
      "x" : -2.1173413,
      "y" : -2.9140694,
      "z" : -0.08140061
    } ],
    "faces" : [ {
      "vertices" : [ 0, 1, 2, 3, 4 ]
    }, {
      "vertices" : [ 0, 4, 3, 2, 1 ]
    } ]
  }, {
    "id" : "51496282-df48-4adb-a05c-0c708e57d6ca",
    "vertices" : [ {
      "x" : 0.0,
      "y" : 0.0,
      "z" : 0.0
    }, {
      "x" : 1.2393996,
      "y" : 0.64263994,
      "z" : 3.24479
    }, {
      "x" : 0.8182864,
      "y" : -2.686766,
      "z" : 2.1423016
    } ],
    "faces" : [ {
      "vertices" : [ 0, 1, 2 ]
    }, {
      "vertices" : [ 0, 2, 1 ]
    } ]
  }, {
    "id" : "edbfa137-8ce9-4fbd-9f45-0a3fbb6ba772",
    "vertices" : [ {
      "x" : 0.0,
      "y" : 0.0,
      "z" : 0.0
    }, {
      "x" : 2.0053904,
      "y" : -0.24546662,
      "z" : -0.39717335
    }, {
      "x" : 4.1227317,
      "y" : 2.668603,
      "z" : -0.3157727
    }, {
      "x" : 0.68137527,
      "y" : 3.4403708,
      "z" : 0.42111307
    }, {
      "x" : -0.68137527,
      "y" : 1.8968351,
      "z" : 0.42111307
    } ],
    "faces" : [ {
      "vertices" : [ 0, 1, 2, 3, 4 ]
    }, {
      "vertices" : [ 0, 4, 3, 2, 1 ]
    } ]
  }, {
    "id" : "81073b6f-e39e-4bc5-a8b9-638d1cb98217",
    "vertices" : [ {
      "x" : 0.0,
      "y" : 0.0,
      "z" : 0.0
    }, {
      "x" : -1.4038206,
      "y" : 2.2714295,
      "z" : 2.3124998
    }, {
      "x" : -0.68137527,
      "y" : 1.1024884,
      "z" : 5.566637
    }, {
      "x" : 1.1689411,
      "y" : -1.8913866,
      "z" : 5.2653046
    }, {
      "x" : 1.5900543,
      "y" : -2.5727618,
      "z" : 1.8249338
    } ],
    "faces" : [ {
      "vertices" : [ 0, 1, 2, 3, 4 ]
    }, {
      "vertices" : [ 0, 4, 3, 2, 1 ]
    } ]
  }, {
    "id" : "906d548b-2056-4588-babb-bb7099935c0f",
    "vertices" : [ {
      "x" : 0.0,
      "y" : 0.0,
      "z" : 0.0
    }, {
      "x" : -1.3627505,
      "y" : -1.5435357,
      "z" : 0.0
    }, {
      "x" : -0.68137527,
      "y" : -3.4403708,
      "z" : -0.42111307
    }, {
      "x" : 1.3240153,
      "y" : -3.6858373,
      "z" : -0.8182864
    }, {
      "x" : 3.4413567,
      "y" : -0.77176785,
      "z" : -0.7368858
    } ],
    "faces" : [ {
      "vertices" : [ 0, 1, 2, 3, 4 ]
    }, {
      "vertices" : [ 0, 4, 3, 2, 1 ]
    } ]
  }, {
    "id" : "1b20ce5e-91a0-4b92-80c2-9490253e37e9",
    "vertices" : [ {
      "x" : 0.0,
      "y" : 0.0,
      "z" : 0.0
    }, {
      "x" : 0.72244537,
      "y" : -1.1689411,
      "z" : 3.254137
    }, {
      "x" : 2.5727618,
      "y" : -4.162816,
      "z" : 2.9528048
    }, {
      "x" : 2.993875,
      "y" : -4.8441916,
      "z" : -0.4875659
    }, {
      "x" : 1.4038206,
      "y" : -2.2714295,
      "z" : -2.3124998
    } ],
    "faces" : [ {
      "vertices" : [ 0, 1, 2, 3, 4 ]
    }, {
      "vertices" : [ 0, 4, 3, 2, 1 ]
    } ]
  }, {
    "id" : "b41ea2b8-28fa-4d97-8885-6ad6994cb95a",
    "vertices" : [ {
      "x" : 0.0,
      "y" : 0.0,
      "z" : 0.0
    }, {
      "x" : 0.42111307,
      "y" : -0.68137527,
      "z" : -3.4403708
    }, {
      "x" : -1.1689411,
      "y" : 1.8913866,
      "z" : -5.2653046
    }, {
      "x" : -2.5727618,
      "y" : 4.162816,
      "z" : -2.9528048
    }, {
      "x" : -1.8503165,
      "y" : 2.993875,
      "z" : 0.3013323
    } ],
    "faces" : [ {
      "vertices" : [ 0, 1, 2, 3, 4 ]
    }, {
      "vertices" : [ 0, 4, 3, 2, 1 ]
    } ]
  }, {
    "id" : "30ba8e5e-c199-456e-8d48-9a55292f0ca1",
    "vertices" : [ {
      "x" : 0.0,
      "y" : 0.0,
      "z" : 0.0
    }, {
      "x" : -0.42111307,
      "y" : -3.3294058,
      "z" : -1.1024884
    }, {
      "x" : -1.2393996,
      "y" : -0.64263994,
      "z" : -3.24479
    } ],
    "faces" : [ {
      "vertices" : [ 0, 1, 2 ]
    }, {
      "vertices" : [ 0, 2, 1 ]
    } ]
  }, {
    "id" : "fa48473f-1694-43cf-a27d-09484d4057d7",
    "vertices" : [ {
      "x" : 0.0,
      "y" : 0.0,
      "z" : 0.0
    }, {
      "x" : 2.6480305,
      "y" : -2.3378823,
      "z" : 0.0
    }, {
      "x" : 3.3294058,
      "y" : 1.1024884,
      "z" : -0.42111307
    } ],
    "faces" : [ {
      "vertices" : [ 0, 1, 2 ]
    }, {
      "vertices" : [ 0, 2, 1 ]
    } ]
  }, {
    "id" : "a5d01116-6473-43f8-9b4e-9371f0a73dc7",
    "vertices" : [ {
      "x" : 0.0,
      "y" : 0.0,
      "z" : 0.0
    }, {
      "x" : -1.5900543,
      "y" : 2.5727618,
      "z" : -1.8249338
    }, {
      "x" : -2.993875,
      "y" : 4.8441916,
      "z" : 0.4875659
    }, {
      "x" : -2.2714295,
      "y" : 3.6752503,
      "z" : 3.741703
    }, {
      "x" : -0.42111307,
      "y" : 0.68137527,
      "z" : 3.4403708
    } ],
    "faces" : [ {
      "vertices" : [ 0, 1, 2, 3, 4 ]
    }, {
      "vertices" : [ 0, 4, 3, 2, 1 ]
    } ]
  }, {
    "id" : "8439041f-6b8b-4a12-aedb-f2c416f1f92f",
    "vertices" : [ {
      "x" : 0.0,
      "y" : 0.0,
      "z" : 0.0
    }, {
      "x" : 1.8503165,
      "y" : -2.993875,
      "z" : -0.3013323
    }, {
      "x" : 2.2714295,
      "y" : -3.6752503,
      "z" : -3.741703
    }, {
      "x" : 0.68137527,
      "y" : -1.1024884,
      "z" : -5.566637
    }, {
      "x" : -0.72244537,
      "y" : 1.1689411,
      "z" : -3.254137
    } ],
    "faces" : [ {
      "vertices" : [ 0, 1, 2, 3, 4 ]
    }, {
      "vertices" : [ 0, 4, 3, 2, 1 ]
    } ]
  }, {
    "id" : "de4b4a5b-a742-4c72-bf47-431b1e28dbc2",
    "vertices" : [ {
      "x" : 0.0,
      "y" : 0.0,
      "z" : 0.0
    }, {
      "x" : -0.8182864,
      "y" : 2.686766,
      "z" : -2.1423016
    }, {
      "x" : 0.42111307,
      "y" : 3.3294058,
      "z" : 1.1024884
    } ],
    "faces" : [ {
      "vertices" : [ 0, 1, 2 ]
    }, {
      "vertices" : [ 0, 2, 1 ]
    } ]
  }, {
    "id" : "3ed5e3b3-6334-42f4-a634-148ac4b0da31",
    "vertices" : [ {
      "x" : 0.0,
      "y" : 0.0,
      "z" : 0.0
    }, {
      "x" : -3.3294058,
      "y" : -1.1024884,
      "z" : 0.42111307
    }, {
      "x" : -0.68137527,
      "y" : -3.4403708,
      "z" : 0.42111307
    } ],
    "faces" : [ {
      "vertices" : [ 0, 1, 2 ]
    }, {
      "vertices" : [ 0, 2, 1 ]
    } ]
  }, {
    "id" : "bd520b67-f33d-4c81-aa4f-24844ac852be",
    "vertices" : [ {
      "x" : 0.0,
      "y" : 0.0,
      "z" : 0.0
    }, {
      "x" : 0.68137527,
      "y" : 3.4403708,
      "z" : -0.42111307
    }, {
      "x" : -2.6480305,
      "y" : 2.3378823,
      "z" : 0.0
    } ],
    "faces" : [ {
      "vertices" : [ 0, 1, 2 ]
    }, {
      "vertices" : [ 0, 2, 1 ]
    } ]
  }, {
    "id" : "12a5424d-74be-4243-adcc-93ceac0c4d8d",
    "vertices" : [ {
      "x" : 0.0,
      "y" : 0.0,
      "z" : 0.0
    }, {
      "x" : -0.8182864,
      "y" : 2.686766,
      "z" : -2.1423016
    }, {
      "x" : 0.42111307,
      "y" : 3.3294058,
      "z" : 1.1024884
    } ],
    "faces" : [ {
      "vertices" : [ 0, 1, 2 ]
    }, {
      "vertices" : [ 0, 2, 1 ]
    } ]
  }, {
    "id" : "db8eb302-69de-4313-8d0a-8f0479a26d02",
    "vertices" : [ {
      "x" : 0.0,
      "y" : 0.0,
      "z" : 0.0
    }, {
      "x" : 2.6480305,
      "y" : -2.3378823,
      "z" : 0.0
    }, {
      "x" : 3.3294058,
      "y" : 1.1024884,
      "z" : -0.42111307
    } ],
    "faces" : [ {
      "vertices" : [ 0, 1, 2 ]
    }, {
      "vertices" : [ 0, 2, 1 ]
    } ]
  }, {
    "id" : "4aee7418-d894-4ddb-a7b2-a2c0a12d85f4",
    "vertices" : [ {
      "x" : 0.0,
      "y" : 0.0,
      "z" : 0.0
    }, {
      "x" : 1.2393996,
      "y" : 0.64263994,
      "z" : 3.24479
    }, {
      "x" : 0.8182864,
      "y" : -2.686766,
      "z" : 2.1423016
    } ],
    "faces" : [ {
      "vertices" : [ 0, 1, 2 ]
    }, {
      "vertices" : [ 0, 2, 1 ]
    } ]
  }, {
    "id" : "38903015-164a-4362-ac57-b1f02d60a9eb",
    "vertices" : [ {
      "x" : 0.0,
      "y" : 0.0,
      "z" : 0.0
    }, {
      "x" : -0.42111307,
      "y" : -3.3294058,
      "z" : -1.1024884
    }, {
      "x" : -1.2393996,
      "y" : -0.64263994,
      "z" : -3.24479
    } ],
    "faces" : [ {
      "vertices" : [ 0, 1, 2 ]
    }, {
      "vertices" : [ 0, 2, 1 ]
    } ]
  }, {
    "id" : "1926d430-6e2c-49cf-9397-271a98c5fb54",
    "vertices" : [ {
      "x" : 0.0,
      "y" : 0.0,
      "z" : 0.0
    }, {
      "x" : 0.72244537,
      "y" : -1.1689411,
      "z" : 3.254137
    }, {
      "x" : 2.5727618,
      "y" : -4.162816,
      "z" : 2.9528048
    }, {
      "x" : 2.993875,
      "y" : -4.8441916,
      "z" : -0.4875659
    }, {
      "x" : 1.4038206,
      "y" : -2.2714295,
      "z" : -2.3124998
    } ],
    "faces" : [ {
      "vertices" : [ 0, 1, 2, 3, 4 ]
    }, {
      "vertices" : [ 0, 4, 3, 2, 1 ]
    } ]
  }, {
    "id" : "a105323c-7fb4-4a4b-9872-d4f2228f5a8a",
    "vertices" : [ {
      "x" : 0.0,
      "y" : 0.0,
      "z" : 0.0
    }, {
      "x" : 1.8503165,
      "y" : -2.993875,
      "z" : -0.3013323
    }, {
      "x" : 2.2714295,
      "y" : -3.6752503,
      "z" : -3.741703
    }, {
      "x" : 0.68137527,
      "y" : -1.1024884,
      "z" : -5.566637
    }, {
      "x" : -0.72244537,
      "y" : 1.1689411,
      "z" : -3.254137
    } ],
    "faces" : [ {
      "vertices" : [ 0, 1, 2, 3, 4 ]
    }, {
      "vertices" : [ 0, 4, 3, 2, 1 ]
    } ]
  }, {
    "id" : "27d45718-797d-4146-aaf6-1986a663d720",
    "vertices" : [ {
      "x" : 0.0,
      "y" : 0.0,
      "z" : 0.0
    }, {
      "x" : -1.5900543,
      "y" : 2.5727618,
      "z" : -1.8249338
    }, {
      "x" : -2.993875,
      "y" : 4.8441916,
      "z" : 0.4875659
    }, {
      "x" : -2.2714295,
      "y" : 3.6752503,
      "z" : 3.741703
    }, {
      "x" : -0.42111307,
      "y" : 0.68137527,
      "z" : 3.4403708
    } ],
    "faces" : [ {
      "vertices" : [ 0, 1, 2, 3, 4 ]
    }, {
      "vertices" : [ 0, 4, 3, 2, 1 ]
    } ]
  }, {
    "id" : "9925cc49-98ed-43e2-998f-b34671e336e4",
    "vertices" : [ {
      "x" : 0.0,
      "y" : 0.0,
      "z" : 0.0
    }, {
      "x" : 0.42111307,
      "y" : -0.68137527,
      "z" : -3.4403708
    }, {
      "x" : -1.1689411,
      "y" : 1.8913866,
      "z" : -5.2653046
    }, {
      "x" : -2.5727618,
      "y" : 4.162816,
      "z" : -2.9528048
    }, {
      "x" : -1.8503165,
      "y" : 2.993875,
      "z" : 0.3013323
    } ],
    "faces" : [ {
      "vertices" : [ 0, 1, 2, 3, 4 ]
    }, {
      "vertices" : [ 0, 4, 3, 2, 1 ]
    } ]
  }, {
    "id" : "07ad0eb3-31e0-4d12-95c6-2791cc9e6c6f",
    "vertices" : [ {
      "x" : 0.0,
      "y" : 0.0,
      "z" : 0.0
    }, {
      "x" : -1.4038206,
      "y" : 2.2714295,
      "z" : 2.3124998
    }, {
      "x" : -0.68137527,
      "y" : 1.1024884,
      "z" : 5.566637
    }, {
      "x" : 1.1689411,
      "y" : -1.8913866,
      "z" : 5.2653046
    }, {
      "x" : 1.5900543,
      "y" : -2.5727618,
      "z" : 1.8249338
    } ],
    "faces" : [ {
      "vertices" : [ 0, 1, 2, 3, 4 ]
    }, {
      "vertices" : [ 0, 4, 3, 2, 1 ]
    } ]
  }, {
    "id" : "543e20b7-184c-4d68-b54d-2d2f241ae028",
    "vertices" : [ {
      "x" : 0.0,
      "y" : 0.0,
      "z" : 0.0
    }, {
      "x" : -0.42111307,
      "y" : 0.68137527,
      "z" : 3.4403708
    }, {
      "x" : 1.1689411,
      "y" : -1.8913866,
      "z" : 5.2653046
    }, {
      "x" : 2.5727618,
      "y" : -4.162816,
      "z" : 2.9528048
    }, {
      "x" : 1.8503165,
      "y" : -2.993875,
      "z" : -0.3013323
    } ],
    "faces" : [ {
      "vertices" : [ 0, 1, 2, 3, 4 ]
    }, {
      "vertices" : [ 0, 4, 3, 2, 1 ]
    } ]
  }, {
    "id" : "bebf5464-c805-4d36-9465-a2cabf8bd418",
    "vertices" : [ {
      "x" : 0.0,
      "y" : 0.0,
      "z" : 0.0
    }, {
      "x" : 0.42111307,
      "y" : 3.3294058,
      "z" : 1.1024884
    }, {
      "x" : 1.2393996,
      "y" : 0.64263994,
      "z" : 3.24479
    } ],
    "faces" : [ {
      "vertices" : [ 0, 1, 2 ]
    }, {
      "vertices" : [ 0, 2, 1 ]
    } ]
  }, {
    "id" : "2dbbda83-8d59-4220-88ab-f1c2fa7e075f",
    "vertices" : [ {
      "x" : 0.0,
      "y" : 0.0,
      "z" : 0.0
    }, {
      "x" : -2.6480305,
      "y" : 2.3378823,
      "z" : 0.0
    }, {
      "x" : -3.3294058,
      "y" : -1.1024884,
      "z" : 0.42111307
    } ],
    "faces" : [ {
      "vertices" : [ 0, 1, 2 ]
    }, {
      "vertices" : [ 0, 2, 1 ]
    } ]
  }, {
    "id" : "192ef571-7312-4da0-871e-f43a00e145d2",
    "vertices" : [ {
      "x" : 0.0,
      "y" : 0.0,
      "z" : 0.0
    }, {
      "x" : 3.3294058,
      "y" : 1.1024884,
      "z" : -0.42111307
    }, {
      "x" : 0.68137527,
      "y" : 3.4403708,
      "z" : -0.42111307
    } ],
    "faces" : [ {
      "vertices" : [ 0, 1, 2 ]
    }, {
      "vertices" : [ 0, 2, 1 ]
    } ]
  }, {
    "id" : "c6e2f426-d901-4a27-b972-1ef03000f5eb",
    "vertices" : [ {
      "x" : 0.0,
      "y" : 0.0,
      "z" : 0.0
    }, {
      "x" : -0.72244537,
      "y" : 1.1689411,
      "z" : -3.254137
    }, {
      "x" : -2.5727618,
      "y" : 4.162816,
      "z" : -2.9528048
    }, {
      "x" : -2.993875,
      "y" : 4.8441916,
      "z" : 0.4875659
    }, {
      "x" : -1.4038206,
      "y" : 2.2714295,
      "z" : 2.3124998
    } ],
    "faces" : [ {
      "vertices" : [ 0, 1, 2, 3, 4 ]
    }, {
      "vertices" : [ 0, 4, 3, 2, 1 ]
    } ]
  }, {
    "id" : "95b5a42d-e3e7-4249-8387-7c872bfac7d2",
    "vertices" : [ {
      "x" : 0.0,
      "y" : 0.0,
      "z" : 0.0
    }, {
      "x" : 0.8182864,
      "y" : -2.686766,
      "z" : 2.1423016
    }, {
      "x" : -0.42111307,
      "y" : -3.3294058,
      "z" : -1.1024884
    } ],
    "faces" : [ {
      "vertices" : [ 0, 1, 2 ]
    }, {
      "vertices" : [ 0, 2, 1 ]
    } ]
  }, {
    "id" : "5d69e759-2ae5-4abe-b797-aa703dd36436",
    "vertices" : [ {
      "x" : 0.0,
      "y" : 0.0,
      "z" : 0.0
    }, {
      "x" : -0.68137527,
      "y" : -3.4403708,
      "z" : 0.42111307
    }, {
      "x" : 2.6480305,
      "y" : -2.3378823,
      "z" : 0.0
    } ],
    "faces" : [ {
      "vertices" : [ 0, 1, 2 ]
    }, {
      "vertices" : [ 0, 2, 1 ]
    } ]
  }, {
    "id" : "4abd988f-05c3-4f4b-b298-b46b577cdbf7",
    "vertices" : [ {
      "x" : 0.0,
      "y" : 0.0,
      "z" : 0.0
    }, {
      "x" : 1.5900543,
      "y" : -2.5727618,
      "z" : 1.8249338
    }, {
      "x" : 2.993875,
      "y" : -4.8441916,
      "z" : -0.4875659
    }, {
      "x" : 2.2714295,
      "y" : -3.6752503,
      "z" : -3.741703
    }, {
      "x" : 0.42111307,
      "y" : -0.68137527,
      "z" : -3.4403708
    } ],
    "faces" : [ {
      "vertices" : [ 0, 1, 2, 3, 4 ]
    }, {
      "vertices" : [ 0, 4, 3, 2, 1 ]
    } ]
  }, {
    "id" : "d09d0eb1-abcd-44bb-8ec9-46736783a2a2",
    "vertices" : [ {
      "x" : 0.0,
      "y" : 0.0,
      "z" : 0.0
    }, {
      "x" : -1.8503165,
      "y" : 2.993875,
      "z" : 0.3013323
    }, {
      "x" : -2.2714295,
      "y" : 3.6752503,
      "z" : 3.741703
    }, {
      "x" : -0.68137527,
      "y" : 1.1024884,
      "z" : 5.566637
    }, {
      "x" : 0.72244537,
      "y" : -1.1689411,
      "z" : 3.254137
    } ],
    "faces" : [ {
      "vertices" : [ 0, 1, 2, 3, 4 ]
    }, {
      "vertices" : [ 0, 4, 3, 2, 1 ]
    } ]
  }, {
    "id" : "96d77351-3a76-4db3-8b7a-b8ded16a5e34",
    "vertices" : [ {
      "x" : 0.0,
      "y" : 0.0,
      "z" : 0.0
    }, {
      "x" : 1.4038206,
      "y" : -2.2714295,
      "z" : -2.3124998
    }, {
      "x" : 0.68137527,
      "y" : -1.1024884,
      "z" : -5.566637
    }, {
      "x" : -1.1689411,
      "y" : 1.8913866,
      "z" : -5.2653046
    }, {
      "x" : -1.5900543,
      "y" : 2.5727618,
      "z" : -1.8249338
    } ],
    "faces" : [ {
      "vertices" : [ 0, 1, 2, 3, 4 ]
    }, {
      "vertices" : [ 0, 4, 3, 2, 1 ]
    } ]
  }, {
    "id" : "084ad1d6-dc13-4aa3-b62c-e220bd706ba0",
    "vertices" : [ {
      "x" : 0.0,
      "y" : 0.0,
      "z" : 0.0
    }, {
      "x" : -1.2393996,
      "y" : -0.64263994,
      "z" : -3.24479
    }, {
      "x" : -0.8182864,
      "y" : 2.686766,
      "z" : -2.1423016
    } ],
    "faces" : [ {
      "vertices" : [ 0, 1, 2 ]
    }, {
      "vertices" : [ 0, 2, 1 ]
    } ]
  }, {
    "id" : "848e1e42-9fbf-4575-ad91-2197f29e83f6",
    "vertices" : [ {
      "x" : 0.0,
      "y" : 0.0,
      "z" : 0.0
    }, {
      "x" : -2.0053904,
      "y" : 0.24546662,
      "z" : 0.39717335
    }, {
      "x" : -4.1227317,
      "y" : -2.668603,
      "z" : 0.3157727
    }, {
      "x" : -0.68137527,
      "y" : -3.4403708,
      "z" : -0.42111307
    }, {
      "x" : 0.68137527,
      "y" : -1.8968351,
      "z" : -0.42111307
    } ],
    "faces" : [ {
      "vertices" : [ 0, 1, 2, 3, 4 ]
    }, {
      "vertices" : [ 0, 4, 3, 2, 1 ]
    } ]
  }, {
    "id" : "a72dbed1-d716-41d0-b512-d4b021a8337e",
    "vertices" : [ {
      "x" : 0.0,
      "y" : 0.0,
      "z" : 0.0
    }, {
      "x" : 1.3627505,
      "y" : 1.5435357,
      "z" : 0.0
    }, {
      "x" : 0.68137527,
      "y" : 3.4403708,
      "z" : 0.42111307
    }, {
      "x" : -1.3240153,
      "y" : 3.6858373,
      "z" : 0.8182864
    }, {
      "x" : -3.4413567,
      "y" : 0.77176785,
      "z" : 0.7368858
    } ],
    "faces" : [ {
      "vertices" : [ 0, 1, 2, 3, 4 ]
    }, {
      "vertices" : [ 0, 4, 3, 2, 1 ]
    } ]
  }, {
    "id" : "7ab46d22-84bd-4d96-b21e-68693505a34a",
    "vertices" : [ {
      "x" : 0.0,
      "y" : 0.0,
      "z" : 0.0
    }, {
      "x" : -0.68137527,
      "y" : 1.8968351,
      "z" : 0.42111307
    }, {
      "x" : -2.686766,
      "y" : 2.1423016,
      "z" : 0.8182864
    }, {
      "x" : -4.804107,
      "y" : -0.77176785,
      "z" : 0.7368858
    }, {
      "x" : -1.3627505,
      "y" : -1.5435357,
      "z" : 0.0
    } ],
    "faces" : [ {
      "vertices" : [ 0, 1, 2, 3, 4 ]
    }, {
      "vertices" : [ 0, 4, 3, 2, 1 ]
    } ]
  }, {
    "id" : "32aac57d-bc1d-4eae-adbe-a42cf7309e70",
    "vertices" : [ {
      "x" : 0.0,
      "y" : 0.0,
      "z" : 0.0
    }, {
      "x" : -2.1173413,
      "y" : -2.9140694,
      "z" : -0.08140061
    }, {
      "x" : 1.3240153,
      "y" : -3.6858373,
      "z" : -0.8182864
    }, {
      "x" : 2.686766,
      "y" : -2.1423016,
      "z" : -0.8182864
    }, {
      "x" : 2.0053904,
      "y" : -0.24546662,
      "z" : -0.39717335
    } ],
    "faces" : [ {
      "vertices" : [ 0, 1, 2, 3, 4 ]
    }, {
      "vertices" : [ 0, 4, 3, 2, 1 ]
    } ]
  }, {
    "id" : "d27936f9-d236-41e7-bcff-fb2a7c39db33",
    "vertices" : [ {
      "x" : 0.0,
      "y" : 0.0,
      "z" : 0.0
    }, {
      "x" : 3.4413567,
      "y" : -0.77176785,
      "z" : -0.7368858
    }, {
      "x" : 4.804107,
      "y" : 0.77176785,
      "z" : -0.7368858
    }, {
      "x" : 4.1227317,
      "y" : 2.668603,
      "z" : -0.3157727
    }, {
      "x" : 2.1173413,
      "y" : 2.9140694,
      "z" : 0.08140061
    } ],
    "faces" : [ {
      "vertices" : [ 0, 1, 2, 3, 4 ]
    }, {
      "vertices" : [ 0, 4, 3, 2, 1 ]
    } ]
  }, {
    "id" : "af8ce823-e04f-45c6-bd3f-c3da0d9f0af4",
    "vertices" : [ {
      "x" : 0.0,
      "y" : 0.0,
      "z" : 0.0
    }, {
      "x" : 3.3294058,
      "y" : 1.1024884,
      "z" : -0.42111307
    }, {
      "x" : 0.68137527,
      "y" : 3.4403708,
      "z" : -0.42111307
    } ],
    "faces" : [ {
      "vertices" : [ 0, 1, 2 ]
    }, {
      "vertices" : [ 0, 2, 1 ]
    } ]
  }, {
    "id" : "e23a9eff-7536-493b-a839-ec321e939365",
    "vertices" : [ {
      "x" : 0.0,
      "y" : 0.0,
      "z" : 0.0
    }, {
      "x" : -2.6480305,
      "y" : 2.3378823,
      "z" : 0.0
    }, {
      "x" : -3.3294058,
      "y" : -1.1024884,
      "z" : 0.42111307
    } ],
    "faces" : [ {
      "vertices" : [ 0, 1, 2 ]
    }, {
      "vertices" : [ 0, 2, 1 ]
    } ]
  }, {
    "id" : "d8f823e4-82a0-4e19-9a0e-1f5232f3c4fd",
    "vertices" : [ {
      "x" : 0.0,
      "y" : 0.0,
      "z" : 0.0
    }, {
      "x" : 0.8182864,
      "y" : -2.686766,
      "z" : 2.1423016
    }, {
      "x" : -0.42111307,
      "y" : -3.3294058,
      "z" : -1.1024884
    } ],
    "faces" : [ {
      "vertices" : [ 0, 1, 2 ]
    }, {
      "vertices" : [ 0, 2, 1 ]
    } ]
  }, {
    "id" : "491b831a-94e7-4aa5-9fd5-78e18db3d081",
    "vertices" : [ {
      "x" : 0.0,
      "y" : 0.0,
      "z" : 0.0
    }, {
      "x" : 0.42111307,
      "y" : 3.3294058,
      "z" : 1.1024884
    }, {
      "x" : 1.2393996,
      "y" : 0.64263994,
      "z" : 3.24479
