{
  "polygons": "true",
  "field": "snubDodec",
  "symmetry": "icosahedral",
  "orientations": [
    [
      1,
      0,
      0,
      0,
      0,
      1,
      0,
      0,
      0,
      0,
      1,
      0,
      0,
      0,
      0,
      1
    ],
    [
      0,
      0,
      1,
      0,
      1,
      0,
      0,
      0,
      0,
      1,
      0,
      0,
      0,
      0,
      0,
      1
    ],
    [
      0,
      1,
      0,
      0,
      0,
      0,
      1,
      0,
      1,
      0,
      0,
      0,
      0,
      0,
      0,
      1
    ],
    [
      0.809017,
      0.309017,
      0.5,
      0,
      0.309017,
      0.5,
      -0.809017,
      0,
      -0.5,
      0.809017,
      0.309017,
      0,
      0,
      0,
      0,
      1
    ],
    [
      -0.5,
      0.809017,
      0.309017,
      0,
      0.809017,
      0.309017,
      0.5,
      0,
      0.309017,
      0.5,
      -0.809017,
      0,
      0,
      0,
      0,
      1
    ],
    [
      0.309017,
      0.5,
      -0.809017,
      0,
      -0.5,
      0.809017,
      0.309017,
      0,
      0.809017,
      0.309017,
      0.5,
      0,
      0,
      0,
      0,
      1
    ],
    [
      0.5,
      0.809017,
      0.309017,
      0,
      0.809017,
      -0.309017,
      -0.5,
      0,
      -0.309017,
      0.5,
      -0.809017,
      0,
      0,
      0,
      0,
      1
    ],
    [
      -0.309017,
      0.5,
      -0.809017,
      0,
      0.5,
      0.809017,
      0.309017,
      0,
      0.809017,
      -0.309017,
      -0.5,
      0,
      0,
      0,
      0,
      1
    ],
    [
      0.809017,
      -0.309017,
      -0.5,
      0,
      -0.309017,
      0.5,
      -0.809017,
      0,
      0.5,
      0.809017,
      0.309017,
      0,
      0,
      0,
      0,
      1
    ],
    [
      0.5,
      0.809017,
      -0.309017,
      0,
      0.809017,
      -0.309017,
      0.5,
      0,
      0.309017,
      -0.5,
      -0.809017,
      0,
      0,
      0,
      0,
      1
    ],
    [
      0.309017,
      -0.5,
      -0.809017,
      0,
      0.5,
      0.809017,
      -0.309017,
      0,
      0.809017,
      -0.309017,
      0.5,
      0,
      0,
      0,
      0,
      1
    ],
    [
      0.809017,
      -0.309017,
      0.5,
      0,
      0.309017,
      -0.5,
      -0.809017,
      0,
      0.5,
      0.809017,
      -0.309017,
      0,
      0,
      0,
      0,
      1
    ],
    [
      0.809017,
      0.309017,
      -0.5,
      0,
      0.309017,
      0.5,
      0.809017,
      0,
      0.5,
      -0.809017,
      0.309017,
      0,
      0,
      0,
      0,
      1
    ],
    [
      0.5,
      -0.809017,
      0.309017,
      0,
      0.809017,
      0.309017,
      -0.5,
      0,
      0.309017,
      0.5,
      0.809017,
      0,
      0,
      0,
      0,
      1
    ],
    [
      0.309017,
      0.5,
      0.809017,
      0,
      0.5,
      -0.809017,
      0.309017,
      0,
      0.809017,
      0.309017,
      -0.5,
      0,
      0,
      0,
      0,
      1
    ],
    [
      1,
      0,
      0,
      0,
      0,
      -1,
      0,
      0,
      0,
      0,
      -1,
      0,
      0,
      0,
      0,
      1
    ],
    [
      0,
      0,
      1,
      0,
      -1,
      0,
      0,
      0,
      0,
      -1,
      0,
      0,
      0,
      0,
      0,
      1
    ],
    [
      0,
      1,
      0,
      0,
      0,
      0,
      -1,
      0,
      -1,
      0,
      0,
      0,
      0,
      0,
      0,
      1
    ],
    [
      0.809017,
      0.309017,
      0.5,
      0,
      -0.309017,
      -0.5,
      0.809017,
      0,
      0.5,
      -0.809017,
      -0.309017,
      0,
      0,
      0,
      0,
      1
    ],
    [
      -0.5,
      0.809017,
      0.309017,
      0,
      -0.809017,
      -0.309017,
      -0.5,
      0,
      -0.309017,
      -0.5,
      0.809017,
      0,
      0,
      0,
      0,
      1
    ],
    [
      0.309017,
      0.5,
      -0.809017,
      0,
      0.5,
      -0.809017,
      -0.309017,
      0,
      -0.809017,
      -0.309017,
      -0.5,
      0,
      0,
      0,
      0,
      1
    ],
    [
      0.5,
      0.809017,
      0.309017,
      0,
      -0.809017,
      0.309017,
      0.5,
      0,
      0.309017,
      -0.5,
      0.809017,
      0,
      0,
      0,
      0,
      1
    ],
    [
      -0.309017,
      0.5,
      -0.809017,
      0,
      -0.5,
      -0.809017,
      -0.309017,
      0,
      -0.809017,
      0.309017,
      0.5,
      0,
      0,
      0,
      0,
      1
    ],
    [
      0.809017,
      -0.309017,
      -0.5,
      0,
      0.309017,
      -0.5,
      0.809017,
      0,
      -0.5,
      -0.809017,
      -0.309017,
      0,
      0,
      0,
      0,
      1
    ],
    [
      0.5,
      0.809017,
      -0.309017,
      0,
      -0.809017,
      0.309017,
      -0.5,
      0,
      -0.309017,
      0.5,
      0.809017,
      0,
      0,
      0,
      0,
      1
    ],
    [
      0.309017,
      -0.5,
      -0.809017,
      0,
      -0.5,
      -0.809017,
      0.309017,
      0,
      -0.809017,
      0.309017,
      -0.5,
      0,
      0,
      0,
      0,
      1
    ],
    [
      0.809017,
      -0.309017,
      0.5,
      0,
      -0.309017,
      0.5,
      0.809017,
      0,
      -0.5,
      -0.809017,
      0.309017,
      0,
      0,
      0,
      0,
      1
    ],
    [
      0.809017,
      0.309017,
      -0.5,
      0,
      -0.309017,
      -0.5,
      -0.809017,
      0,
      -0.5,
      0.809017,
      -0.309017,
      0,
      0,
      0,
      0,
      1
    ],
    [
      0.5,
      -0.809017,
      0.309017,
      0,
      -0.809017,
      -0.309017,
      0.5,
      0,
      -0.309017,
      -0.5,
      -0.809017,
      0,
      0,
      0,
      0,
      1
    ],
    [
      0.309017,
      0.5,
      0.809017,
      0,
      -0.5,
      0.809017,
      -0.309017,
      0,
      -0.809017,
      -0.309017,
      0.5,
      0,
      0,
      0,
      0,
      1
    ],
    [
      -1,
      0,
      0,
      0,
      0,
      -1,
      0,
      0,
      0,
      0,
      1,
      0,
      0,
      0,
      0,
      1
    ],
    [
      0,
      0,
      -1,
      0,
      -1,
      0,
      0,
      0,
      0,
      1,
      0,
      0,
      0,
      0,
      0,
      1
    ],
    [
      0,
      -1,
      0,
      0,
      0,
      0,
      -1,
      0,
      1,
      0,
      0,
      0,
      0,
      0,
      0,
      1
    ],
    [
      -0.809017,
      -0.309017,
      -0.5,
      0,
      -0.309017,
      -0.5,
      0.809017,
      0,
      -0.5,
      0.809017,
      0.309017,
      0,
      0,
      0,
      0,
      1
    ],
    [
      0.5,
      -0.809017,
      -0.309017,
      0,
      -0.809017,
      -0.309017,
      -0.5,
      0,
      0.309017,
      0.5,
      -0.809017,
      0,
      0,
      0,
      0,
      1
    ],
    [
      -0.309017,
      -0.5,
      0.809017,
      0,
      0.5,
      -0.809017,
      -0.309017,
      0,
      0.809017,
      0.309017,
      0.5,
      0,
      0,
      0,
      0,
      1
    ],
    [
      -0.5,
      -0.809017,
      -0.309017,
      0,
      -0.809017,
      0.309017,
      0.5,
      0,
      -0.309017,
      0.5,
      -0.809017,
      0,
      0,
      0,
      0,
      1
    ],
    [
      0.309017,
      -0.5,
      0.809017,
      0,
      -0.5,
      -0.809017,
      -0.309017,
      0,
      0.809017,
      -0.309017,
      -0.5,
      0,
      0,
      0,
      0,
      1
    ],
    [
      -0.809017,
      0.309017,
      0.5,
      0,
      0.309017,
      -0.5,
      0.809017,
      0,
      0.5,
      0.809017,
      0.309017,
      0,
      0,
      0,
      0,
      1
    ],
    [
      -0.5,
      -0.809017,
      0.309017,
      0,
      -0.809017,
      0.309017,
      -0.5,
      0,
      0.309017,
      -0.5,
      -0.809017,
      0,
      0,
      0,
      0,
      1
    ],
    [
      -0.309017,
      0.5,
      0.809017,
      0,
      -0.5,
      -0.809017,
      0.309017,
      0,
      0.809017,
      -0.309017,
      0.5,
      0,
      0,
      0,
      0,
      1
    ],
    [
      -0.809017,
      0.309017,
      -0.5,
      0,
      -0.309017,
      0.5,
      0.809017,
      0,
      0.5,
      0.809017,
      -0.309017,
      0,
      0,
      0,
      0,
      1
    ],
    [
      -0.809017,
      -0.309017,
      0.5,
      0,
      -0.309017,
      -0.5,
      -0.809017,
      0,
      0.5,
      -0.809017,
      0.309017,
      0,
      0,
      0,
      0,
      1
    ],
    [
      -0.5,
      0.809017,
      -0.309017,
      0,
      -0.809017,
      -0.309017,
      0.5,
      0,
      0.309017,
      0.5,
      0.809017,
      0,
      0,
      0,
      0,
      1
    ],
    [
      -0.309017,
      -0.5,
      -0.809017,
      0,
      -0.5,
      0.809017,
      -0.309017,
      0,
      0.809017,
      0.309017,
      -0.5,
      0,
      0,
      0,
      0,
      1
    ],
    [
      -1,
      0,
      0,
      0,
      0,
      1,
      0,
      0,
      0,
      0,
      -1,
      0,
      0,
      0,
      0,
      1
    ],
    [
      0,
      0,
      -1,
      0,
      1,
      0,
      0,
      0,
      0,
      -1,
      0,
      0,
      0,
      0,
      0,
      1
    ],
    [
      0,
      -1,
      0,
      0,
      0,
      0,
      1,
      0,
      -1,
      0,
      0,
      0,
      0,
      0,
      0,
      1
    ],
    [
      -0.809017,
      -0.309017,
      -0.5,
      0,
      0.309017,
      0.5,
      -0.809017,
      0,
      0.5,
      -0.809017,
      -0.309017,
      0,
      0,
      0,
      0,
      1
    ],
    [
      0.5,
      -0.809017,
      -0.309017,
      0,
      0.809017,
      0.309017,
      0.5,
      0,
      -0.309017,
      -0.5,
      0.809017,
      0,
      0,
      0,
      0,
      1
    ],
    [
      -0.309017,
      -0.5,
      0.809017,
      0,
      -0.5,
      0.809017,
      0.309017,
      0,
      -0.809017,
      -0.309017,
      -0.5,
      0,
      0,
      0,
      0,
      1
    ],
    [
      -0.5,
      -0.809017,
      -0.309017,
      0,
      0.809017,
      -0.309017,
      -0.5,
      0,
      0.309017,
      -0.5,
      0.809017,
      0,
      0,
      0,
      0,
      1
    ],
    [
      0.309017,
      -0.5,
      0.809017,
      0,
      0.5,
      0.809017,
      0.309017,
      0,
      -0.809017,
      0.309017,
      0.5,
      0,
      0,
      0,
      0,
      1
    ],
    [
      -0.809017,
      0.309017,
      0.5,
      0,
      -0.309017,
      0.5,
      -0.809017,
      0,
      -0.5,
      -0.809017,
      -0.309017,
      0,
      0,
      0,
      0,
      1
    ],
    [
      -0.5,
      -0.809017,
      0.309017,
      0,
      0.809017,
      -0.309017,
      0.5,
      0,
      -0.309017,
      0.5,
      0.809017,
      0,
      0,
      0,
      0,
      1
    ],
    [
      -0.309017,
      0.5,
      0.809017,
      0,
      0.5,
      0.809017,
      -0.309017,
      0,
      -0.809017,
      0.309017,
      -0.5,
      0,
      0,
      0,
      0,
      1
    ],
    [
      -0.809017,
      0.309017,
      -0.5,
      0,
      0.309017,
      -0.5,
      -0.809017,
      0,
      -0.5,
      -0.809017,
      0.309017,
      0,
      0,
      0,
      0,
      1
    ],
    [
      -0.809017,
      -0.309017,
      0.5,
      0,
      0.309017,
      0.5,
      0.809017,
      0,
      -0.5,
      0.809017,
      -0.309017,
      0,
      0,
      0,
      0,
      1
    ],
    [
      -0.5,
      0.809017,
      -0.309017,
      0,
      0.809017,
      0.309017,
      -0.5,
      0,
      -0.309017,
      -0.5,
      -0.809017,
      0,
      0,
      0,
      0,
      1
    ],
    [
      -0.309017,
      -0.5,
      -0.809017,
      0,
      0.5,
      -0.809017,
      0.309017,
      0,
      -0.809017,
      -0.309017,
      0.5,
      0,
      0,
      0,
      0,
      1
    ]
  ],
  "lights": {
    "directionalLights": [
      {
        "direction": [
          1,
          -1,
          -1
        ],
        "color": "#EBEBE4"
      },
      {
        "direction": [
          -1,
          0,
          0
        ],
        "color": "#E4E4EB"
      },
      {
        "direction": [
          0,
          0,
          -1
        ],
        "color": "#1E1E1E"
      }
    ],
    "backgroundColor": "#AFC8DC",
    "ambientColor": "#292929"
  },
  "camera": {
    "lookAtPoint": {
      "x": 0,
      "y": 0,
      "z": 0
    },
    "lookDirection": {
      "x": 0,
      "y": 0,
      "z": -1
    },
    "farClipDistance": 88.82678930914447,
    "upDirection": {
      "x": 0,
      "y": 1,
      "z": 0
    },
    "stereo": false,
    "nearClipDistance": 4.441339465457224,
    "width": 22.20669732728612,
    "position": {
      "x": 0,
      "y": 0,
      "z": 44.41339465457224
    },
    "fieldOfView": 28.072486935852954,
    "upDirectionRV": {
      "x": 0.21089405,
      "y": 0.96776557,
      "z": -0.13767353,
      "zero": false
    },
    "viewDistance": 44.41339465457224,
    "lookAtPointRV": {
      "x": 0,
      "y": 0,
      "z": 0,
      "zero": true
    },
    "perspective": true,
    "lookDirectionRV": {
      "x": 0.067748085,
      "y": -0.15497328,
      "z": -0.98559266,
      "zero": false
    }
  },
  "embedding": [
    1,
    0,
    0,
    0,
    0,
    1,
    0,
    0,
    0,
    0,
    1,
    0,
    0,
    0,
    0,
    1
  ],
  "shapes": [
    {
      "id": "aa40e42a-8547-4cad-9956-b985b0ed3185",
      "orbit": "0",
      "orbitC": "[[20,-13,-46,28,-38,24,1],[-21,13,52,-32,42,-26,1]]",
      "length": "[196,-120,-60,38,-22,16,31]",
      "name": " :196/31 -120/31*phi -60/31*xi +38/31*phi*xi -22/31*xi^2 +16/31*phi*xi^2",
      "vertices": [
        {
          "x": -2.770626956,
          "y": 0.412559454,
          "z": 0.708909933
        },
        {
          "x": -2.867760424,
          "y": 0.509692718,
          "z": 0.32037687
        },
        {
          "x": -0.572075309,
          "y": 0.337083929,
          "z": 0.006851349
        },
        {
          "x": -0.474942007,
          "y": 0.239950656,
          "z": 0.395384446
        },
        {
          "x": -2.641116055,
          "y": 0.801092547,
          "z": 0.449887888
        },
        {
          "x": -2.543982588,
          "y": 0.703959254,
          "z": 0.838420961
        },
        {
          "x": -0.701586347,
          "y": -0.051449164,
          "z": 0.265873419
        },
        {
          "x": -0.798719571,
          "y": 0.04568411,
          "z": -0.122659674
        }
      ],
      "faces": [
        {
          "vertices": [
            2,
            3,
            6,
            7
          ]
        },
        {
          "vertices": [
            0,
            5,
            4,
            1
          ]
        },
        {
          "vertices": [
            2,
            4,
            5,
            3
          ]
        },
        {
          "vertices": [
            0,
            6,
            3,
            5
          ]
        },
        {
          "vertices": [
            0,
            1,
            7,
            6
          ]
        },
        {
          "vertices": [
            1,
            4,
            2,
            7
          ]
        }
      ]
    },
    {
      "id": "52210030-e34d-432c-9e48-663dc0e9e78c",
      "orbit": "1",
      "orbitC": "[[-56,21,12,-20,26,-2,31],[-15,25,32,-12,28,-26,31]]",
      "length": "[2,-1,0,0,0,0,1]",
      "name": " :2 -phi",
      "vertices": [
        {
          "x": 0.117278646,
          "y": -1.209447179,
          "z": -0.694027494
        },
        {
          "x": 0.505811709,
          "y": -1.112313906,
          "z": -0.596894201
        },
        {
          "x": 0.433827727,
          "y": -0.32474101,
          "z": -0.464656827
        },
        {
          "x": 0.04529463,
          "y": -0.421874283,
          "z": -0.5617901
        },
        {
          "x": 0.635322746,
          "y": -0.885669538,
          "z": -0.88829403
        },
        {
          "x": 0.246789674,
          "y": -0.982802811,
          "z": -0.985427255
        },
        {
          "x": -0.084216403,
          "y": -0.648518554,
          "z": -0.270390281
        },
        {
          "x": 0.304316699,
          "y": -0.55138532,
          "z": -0.173257027
        }
      ],
      "faces": [
        {
          "vertices": [
            2,
            3,
            6,
            7
          ]
        },
        {
          "vertices": [
            0,
            5,
            4,
            1
          ]
        },
        {
          "vertices": [
            2,
            4,
            5,
            3
          ]
        },
        {
          "vertices": [
            0,
            6,
            3,
            5
          ]
        },
        {
          "vertices": [
            0,
            1,
            7,
            6
          ]
        },
        {
          "vertices": [
            1,
            4,
            2,
            7
          ]
        }
      ]
    },
    {
      "id": "9da4a6c9-ed02-44d6-8379-a0eadba19abb",
      "orbit": "snubPentagon",
      "orbitC": "[[-38,23,6,-4,20,-12,1],[23,-15,-4,2,-12,8,1]]",
      "length": "[-18,-18,-3,-6,9,9,2]",
      "name": " :-9 -9*phi -3/2*xi -3*phi*xi +9/2*xi^2 +9/2*phi*xi^2",
      "vertices": [
        {
          "x": 0.286491821,
          "y": 0.059733712,
          "z": 1.347242675
        },
        {
          "x": -0.102041272,
          "y": 0.156866982,
          "z": 1.444375948
        },
        {
          "x": -0.048062058,
          "y": 0.326053737,
          "z": 0.600658756
        },
        {
          "x": 0.340471044,
          "y": 0.228920473,
          "z": 0.503525483
        },
        {
          "x": 0.027469761,
          "y": 0.448266801,
          "z": 1.217731579
        },
        {
          "x": 0.416002839,
          "y": 0.351133538,
          "z": 1.120598403
        },
        {
          "x": 0.210960007,
          "y": -0.062479346,
          "z": 0.730169784
        },
        {
          "x": -0.177573096,
          "y": 0.034653931,
          "z": 0.827303086
        }
      ],
      "faces": [
        {
          "vertices": [
            2,
            3,
            6,
            7
          ]
        },
        {
          "vertices": [
            0,
            5,
            4,
            1
          ]
        },
        {
          "vertices": [
            2,
            4,
            5,
            3
          ]
        },
        {
          "vertices": [
            0,
            6,
            3,
            5
          ]
        },
        {
          "vertices": [
            0,
            1,
            7,
            6
          ]
        },
        {
          "vertices": [
            1,
            4,
            2,
            7
          ]
        }
      ]
    },
    {
      "id": "0dc55efe-5098-4def-97d5-76ea34258603",
      "orbit": "snubDiagonal",
      "orbitC": "[[4,5,-18,16,-20,8,11],[21,-15,-34,18,-28,20,11]]",
      "length": "[9,18,0,0,-3,-6,2]",
      "name": " :9/2 +9*phi -3/2*xi^2 -3*phi*xi^2",
      "vertices": [
        {
          "x": 2.128896561,
          "y": -1.628114024,
          "z": 0.129511037
        },
        {
          "x": 2.226029931,
          "y": -1.725247297,
          "z": -0.259022075
        },
        {
          "x": 0.443221981,
          "y": -0.642747672,
          "z": -0.129511037
        },
        {
          "x": 0.346088717,
          "y": -0.545614399,
          "z": 0.259022075
        },
        {
          "x": 1.99938566,
          "y": -2.016647214,
          "z": -0.129511037
        },
        {
          "x": 1.902252387,
          "y": -1.919513746,
          "z": 0.259022075
        },
        {
          "x": 0.572733008,
          "y": -0.25421458,
          "z": 0.129511037
        },
        {
          "x": 0.669866311,
          "y": -0.351347833,
          "z": -0.259022075
        }
      ],
      "faces": [
        {
          "vertices": [
            2,
            3,
            6,
            7
          ]
        },
        {
          "vertices": [
            0,
            5,
            4,
            1
          ]
        },
        {
          "vertices": [
            2,
            4,
            5,
            3
          ]
        },
        {
          "vertices": [
            0,
            6,
            3,
            5
          ]
        },
        {
          "vertices": [
            0,
            1,
            7,
            6
          ]
        },
        {
          "vertices": [
            1,
            4,
            2,
            7
          ]
        }
      ]
    },
    {
      "id": "7ce4d00b-8027-48f5-ab3d-ff41a313243d",
      "vertices": [
        {
          "x": 0,
          "y": 0,
          "z": 0
        },
        {
          "x": 0.661842102,
          "y": 3.341744765,
          "z": -0.409040908
        },
        {
          "x": -2.572118697,
          "y": 2.270861599,
          "z": 0
        }
      ],
      "faces": [
        {
          "vertices": [
            0,
            1,
            2
          ]
        },
        {
          "vertices": [
            0,
            2,
            1
          ]
        }
      ]
    },
    {
      "id": "34fe61a9-897a-47c7-abea-4045d1e2cfc3",
      "vertices": [
        {
          "x": 0,
          "y": 0,
          "z": 0
        },
        {
          "x": 2.056642907,
          "y": 2.830530989,
          "z": 0.079067077
        },
        {
          "x": -1.286059397,
          "y": 3.580174411,
          "z": 0.794828364
        },
        {
          "x": -2.609743756,
          "y": 2.080887664,
          "z": 0.794828364
        },
        {
          "x": -1.947901334,
          "y": 0.238429762,
          "z": 0.385787475
        }
      ],
      "faces": [
        {
          "vertices": [
            0,
            1,
            2,
            3,
            4
          ]
        },
        {
          "vertices": [
            0,
            4,
            3,
            2,
            1
          ]
        }
      ]
    },
    {
      "id": "f577430c-81ca-4d1e-9070-18824ba59aac",
      "orbit": "snubTriangle",
      "orbitC": "[[72,9,4,36,-48,-6,71],[135,-63,-28,32,-90,42,71]]",
      "length": "[9,18,0,0,-3,-6,2]",
      "name": " :9/2 +9*phi -3/2*xi^2 -3*phi*xi^2",
      "vertices": [
        {
          "x": 0.152149404,
          "y": -1.79699207,
          "z": -2.162886796
        },
        {
          "x": -0.236383679,
          "y": -1.699858894,
          "z": -2.065753717
        },
        {
          "x": -0.285135695,
          "y": -0.559950202,
          "z": -0.327041786
        },
        {
          "x": 0.103397412,
          "y": -0.657083514,
          "z": -0.424175059
        },
        {
          "x": -0.365894726,
          "y": -1.991258713,
          "z": -1.839109348
        },
        {
          "x": 0.022638385,
          "y": -2.088391889,
          "z": -1.936242621
        },
        {
          "x": 0.232908445,
          "y": -0.365683685,
          "z": -0.65081935
        },
        {
          "x": -0.155624657,
          "y": -0.268550412,
          "z": -0.553686106
        }
      ],
      "faces": [
        {
          "vertices": [
            2,
            3,
            6,
            7
          ]
        },
        {
          "vertices": [
            0,
            5,
            4,
            1
          ]
        },
        {
          "vertices": [
            2,
            4,
            5,
            3
          ]
        },
        {
          "vertices": [
            0,
            6,
            3,
            5
          ]
        },
        {
          "vertices": [
            0,
            1,
            7,
            6
          ]
        },
        {
          "vertices": [
            1,
            4,
            2,
            7
          ]
        }
      ]
    },
    {
      "id": "c8bd98a4-dfc5-4143-b735-d72ab7df5e45",
      "orbit": "snubPentagon",
      "orbitC": "[[-38,23,6,-4,20,-12,1],[23,-15,-4,2,-12,8,1]]",
      "length": "[9,18,0,0,-3,-6,2]",
      "name": " :9/2 +9*phi -3/2*xi^2 -3*phi*xi^2",
      "vertices": [
        {
          "x": 0.457102967,
          "y": 0.335788365,
          "z": 2.741085911
        },
        {
          "x": 0.068569894,
          "y": 0.432921638,
          "z": 2.838219379
        },
        {
          "x": -0.048062058,
          "y": 0.326053737,
          "z": 0.600658756
        },
        {
          "x": 0.340471044,
          "y": 0.228920473,
          "z": 0.503525483
        },
        {
          "x": 0.198080921,
          "y": 0.724321458,
          "z": 2.61157501
        },
        {
          "x": 0.586614023,
          "y": 0.627188185,
          "z": 2.51444164
        },
        {
          "x": 0.210960007,
          "y": -0.062479346,
          "z": 0.730169784
        },
        {
          "x": -0.177573096,
          "y": 0.034653931,
          "z": 0.827303086
        }
      ],
      "faces": [
        {
          "vertices": [
            2,
            3,
            6,
            7
          ]
        },
        {
          "vertices": [
            0,
            5,
            4,
            1
          ]
        },
        {
          "vertices": [
            2,
            4,
            5,
            3
          ]
        },
        {
          "vertices": [
            0,
            6,
            3,
            5
          ]
        },
        {
          "vertices": [
            0,
            1,
            7,
            6
          ]
        },
        {
          "vertices": [
            1,
            4,
            2,
            7
          ]
        }
      ]
    },
    {
      "id": "6c76bd1d-57d7-49ca-ab13-0f9d8ceff8e8",
      "name": "ball",
      "vertices": [
        {
          "x": 0.300158327,
          "y": -0.300158327,
          "z": -0.300158327
        },
        {
          "x": 0.485666366,
          "y": 0,
          "z": -0.185508049
        },
        {
          "x": 0.485666366,
          "y": 0,
          "z": 0.185508049
        },
        {
          "x": 0.300158327,
          "y": -0.300158327,
          "z": 0.300158327
        },
        {
          "x": 0.185508049,
          "y": -0.485666365,
          "z": 0
        },
        {
          "x": 0,
          "y": 0.185508049,
          "z": 0.485666366
        },
        {
          "x": 0,
          "y": -0.185508049,
          "z": 0.485666366
        },
        {
          "x": 0.300158327,
          "y": 0.300158327,
          "z": 0.300158327
        },
        {
          "x": -0.300158327,
          "y": -0.300158327,
          "z": 0.300158327
        },
        {
          "x": -0.300158327,
          "y": 0.300158327,
          "z": 0.300158327
        },
        {
          "x": -0.485666365,
          "y": 0,
          "z": 0.185508049
        },
        {
          "x": 0,
          "y": -0.185508049,
          "z": -0.485666365
        },
        {
          "x": 0,
          "y": 0.185508049,
          "z": -0.485666365
        },
        {
          "x": 0.300158327,
          "y": 0.300158327,
          "z": -0.300158327
        },
        {
          "x": -0.300158327,
          "y": -0.300158327,
          "z": -0.300158327
        },
        {
          "x": -0.185508049,
          "y": -0.485666365,
          "z": 0
        },
        {
          "x": -0.485666365,
          "y": 0,
          "z": -0.185508049
        },
        {
          "x": 0.185508049,
          "y": 0.485666366,
          "z": 0
        },
        {
          "x": -0.300158327,
          "y": 0.300158327,
          "z": -0.300158327
        },
        {
          "x": 0,
          "y": 0,
          "z": 0
        },
        {
          "x": -0.185508049,
          "y": 0.485666366,
          "z": 0
        }
      ],
      "faces": [
        {
          "vertices": [
            12,
            18,
            20,
            17,
            13
          ]
        },
        {
          "vertices": [
            3,
            6,
            8,
            15,
            4
          ]
        },
        {
          "vertices": [
            0,
            11,
            12,
            13,
            1
          ]
        },
        {
          "vertices": [
            5,
            9,
            10,
            8,
            6
          ]
        },
        {
          "vertices": [
            2,
            7,
            5,
            6,
            3
          ]
        },
        {
          "vertices": [
            11,
            14,
            16,
            18,
            12
          ]
        },
        {
          "vertices": [
            1,
            13,
            17,
            7,
            2
          ]
        },
        {
          "vertices": [
            9,
            20,
            18,
            16,
            10
          ]
        },
        {
          "vertices": [
            0,
            1,
            2,
            3,
            4
          ]
        },
        {
          "vertices": [
            5,
            7,
            17,
            20,
            9
          ]
        },
        {
          "vertices": [
            0,
            4,
            15,
            14,
            11
          ]
        },
        {
          "vertices": [
            8,
            10,
            16,
            14,
            15
          ]
        }
      ]
    },
    {
      "id": "aed77d83-53f6-4d33-9a77-a331ed425736",
      "vertices": [
        {
          "x": 0,
          "y": 0,
          "z": 0
        },
        {
          "x": -3.233960828,
          "y": -1.070883068,
          "z": 0.409040908
        },
        {
          "x": -0.661842102,
          "y": -3.341744765,
          "z": 0.409040908
        }
      ],
      "faces": [
        {
          "vertices": [
            0,
            1,
            2
          ]
        },
        {
          "vertices": [
            0,
            2,
            1
          ]
        }
      ]
    },
    {
      "id": "5bbac9a4-2425-42c7-b686-f5e8c8a06c97",
      "vertices": [
        {
          "x": 0,
          "y": 0,
          "z": 0
        },
        {
          "x": 0.661842102,
          "y": -1.842458018,
          "z": -0.409040908
        },
        {
          "x": 2.609743756,
          "y": -2.080887664,
          "z": -0.794828364
        },
        {
          "x": 4.666386372,
          "y": 0.749643373,
          "z": -0.715761297
        },
        {
          "x": 1.323684165,
          "y": 1.499286747,
          "z": 0
        }
      ],
      "faces": [
        {
          "vertices": [
            0,
            1,
            2,
            3,
            4
          ]
        },
        {
          "vertices": [
            0,
            4,
            3,
            2,
            1
          ]
        }
      ]
    },
    {
      "id": "419a6cdb-7ccf-4d70-b598-38b4427ac85e",
      "vertices": [
        {
          "x": 0,
          "y": 0,
          "z": 0
        },
        {
          "x": -3.342702402,
          "y": 0.749643373,
          "z": 0.715761297
        },
        {
          "x": -4.666386372,
          "y": -0.749643373,
          "z": 0.715761297
        },
        {
          "x": -4.004544241,
          "y": -2.59210144,
          "z": 0.306720359
        },
        {
          "x": -2.056642907,
          "y": -2.830530989,
          "z": -0.079067077
        }
      ],
      "faces": [
        {
          "vertices": [
            0,
            1,
            2,
            3,
            4
          ]
        },
        {
          "vertices": [
            0,
            4,
            3,
            2,
            1
          ]
        }
      ]
    },
    {
      "id": "51496282-df48-4adb-a05c-0c708e57d6ca",
      "vertices": [
        {
          "x": 0,
          "y": 0,
          "z": 0
        },
        {
          "x": 1.203869398,
          "y": 0.624217208,
          "z": 3.151770732
        },
        {
          "x": 0.794828364,
          "y": -2.609743756,
          "z": 2.080887664
        }
      ],
      "faces": [
        {
          "vertices": [
            0,
            1,
            2
          ]
        },
        {
          "vertices": [
            0,
            2,
            1
          ]
        }
      ]
    },
    {
      "id": "edbfa137-8ce9-4fbd-9f45-0a3fbb6ba772",
      "vertices": [
        {
          "x": 0,
          "y": 0,
          "z": 0
        },
        {
          "x": 1.947901334,
          "y": -0.238429762,
          "z": -0.385787475
        },
        {
          "x": 4.004544241,
          "y": 2.59210144,
          "z": -0.306720359
        },
        {
          "x": 0.661842102,
          "y": 3.341744765,
          "z": 0.409040908
        },
        {
          "x": -0.661842102,
          "y": 1.842458018,
          "z": 0.409040908
        }
      ],
      "faces": [
        {
          "vertices": [
            0,
            1,
            2,
            3,
            4
          ]
        },
        {
          "vertices": [
            0,
            4,
            3,
            2,
            1
          ]
        }
      ]
    },
    {
      "id": "81073b6f-e39e-4bc5-a8b9-638d1cb98217",
      "vertices": [
        {
          "x": 0,
          "y": 0,
          "z": 0
        },
        {
          "x": -1.363576897,
          "y": 2.20631382,
          "z": 2.246206746
        },
        {
          "x": -0.661842102,
          "y": 1.070883068,
          "z": 5.40705672
        },
        {
          "x": 1.135430751,
          "y": -1.837165712,
          "z": 5.114362697
        },
        {
          "x": 1.544471786,
          "y": -2.499007745,
          "z": 1.772617932
        }
      ],
      "faces": [
        {
          "vertices": [
            0,
            1,
            2,
            3,
            4
          ]
        },
        {
          "vertices": [
            0,
            4,
            3,
            2,
            1
          ]
        }
      ]
    },
    {
      "id": "906d548b-2056-4588-babb-bb7099935c0f",
      "vertices": [
        {
          "x": 0,
          "y": 0,
          "z": 0
        },
        {
          "x": -1.323684165,
          "y": -1.499286747,
          "z": 0
        },
        {
          "x": -0.661842102,
          "y": -3.341744765,
          "z": -0.409040908
        },
        {
          "x": 1.286059397,
          "y": -3.580174411,
          "z": -0.794828364
        },
        {
          "x": 3.342702402,
          "y": -0.749643373,
          "z": -0.715761297
        }
      ],
      "faces": [
        {
          "vertices": [
            0,
            1,
            2,
            3,
            4
          ]
        },
        {
          "vertices": [
            0,
            4,
            3,
            2,
            1
          ]
        }
      ]
    },
    {
      "id": "1b20ce5e-91a0-4b92-80c2-9490253e37e9",
      "vertices": [
        {
          "x": 0,
          "y": 0,
          "z": 0
        },
        {
          "x": 0.701734834,
          "y": -1.135430751,
          "z": 3.160849779
        },
        {
          "x": 2.499007745,
          "y": -4.043479434,
          "z": 2.86815595
        },
        {
          "x": 2.90804878,
          "y": -4.705321856,
          "z": -0.473588717
        },
        {
          "x": 1.363576897,
          "y": -2.20631382,
          "z": -2.246206746
        }
      ],
      "faces": [
        {
          "vertices": [
            0,
            1,
            2,
            3,
            4
          ]
        },
        {
          "vertices": [
            0,
            4,
            3,
            2,
            1
          ]
        }
      ]
    },
    {
      "id": "b41ea2b8-28fa-4d97-8885-6ad6994cb95a",
      "vertices": [
        {
          "x": 0,
          "y": 0,
          "z": 0
        },
        {
          "x": 0.409040908,
          "y": -0.661842102,
          "z": -3.341744765
        },
        {
          "x": -1.135430751,
          "y": 1.837165712,
          "z": -5.114362697
        },
        {
          "x": -2.499007745,
          "y": 4.043479434,
          "z": -2.86815595
        },
        {
          "x": -1.797272979,
          "y": 2.90804878,
          "z": 0.292693926
        }
      ],
      "faces": [
        {
          "vertices": [
            0,
            1,
            2,
            3,
            4
          ]
        },
        {
          "vertices": [
            0,
            4,
            3,
            2,
            1
          ]
        }
      ]
    },
    {
      "id": "30ba8e5e-c199-456e-8d48-9a55292f0ca1",
      "vertices": [
        {
          "x": 0,
          "y": 0,
          "z": 0
        },
        {
          "x": -0.409040908,
          "y": -3.233960828,
          "z": -1.070883068
        },
        {
          "x": -1.203869398,
          "y": -0.624217208,
          "z": -3.151770732
        }
      ],
      "faces": [
        {
          "vertices": [
            0,
            1,
            2
          ]
        },
        {
          "vertices": [
            0,
            2,
            1
          ]
        }
      ]
    },
    {
      "id": "fa48473f-1694-43cf-a27d-09484d4057d7",
      "vertices": [
        {
          "x": 0,
          "y": 0,
          "z": 0
        },
        {
          "x": 2.572118697,
          "y": -2.270861599,
          "z": 0
        },
        {
          "x": 3.233960828,
          "y": 1.070883068,
          "z": -0.409040908
        }
      ],
      "faces": [
        {
          "vertices": [
            0,
            1,
            2
          ]
        },
        {
          "vertices": [
            0,
            2,
            1
          ]
        }
      ]
    },
    {
      "id": "a5d01116-6473-43f8-9b4e-9371f0a73dc7",
      "vertices": [
        {
          "x": 0,
          "y": 0,
          "z": 0
        },
        {
          "x": -1.544471786,
          "y": 2.499007745,
          "z": -1.772617932
        },
        {
          "x": -2.90804878,
          "y": 4.705321856,
          "z": 0.473588717
        },
        {
          "x": -2.20631382,
          "y": 3.569890911,
          "z": 3.634438594
        },
        {
          "x": -0.409040908,
          "y": 0.661842102,
          "z": 3.341744765
        }
      ],
      "faces": [
        {
          "vertices": [
            0,
            1,
            2,
            3,
            4
          ]
        },
        {
          "vertices": [
            0,
            4,
            3,
            2,
            1
          ]
        }
      ]
    },
    {
      "id": "8439041f-6b8b-4a12-aedb-f2c416f1f92f",
      "vertices": [
        {
          "x": 0,
          "y": 0,
          "z": 0
        },
        {
          "x": 1.797272979,
          "y": -2.90804878,
          "z": -0.292693926
        },
        {
          "x": 2.20631382,
          "y": -3.569890911,
          "z": -3.634438594
        },
        {
          "x": 0.661842102,
          "y": -1.070883068,
          "z": -5.40705672
        },
        {
          "x": -0.701734834,
          "y": 1.135430751,
          "z": -3.160849779
        }
      ],
      "faces": [
        {
          "vertices": [
            0,
            1,
            2,
            3,
            4
          ]
        },
        {
          "vertices": [
            0,
